12  21  25  36  49   +   8   11  
24  27  37  43  44   +   4   7   
10  17  20  46  50   +   1   11  
22  26  35  46  47   +   5   6   
7   24  29  37  50   +   4   6   
7   8   24  29  50   +   7   8   
13  25  27  37  49   +   1   12  
6   14  18  24  37   +   8   9   
8   14  35  38  39   +   1   2   
12  13  20  27  37   +   3   5   
8   16  29  31  42   +   4   6   
1   12  17  22  33   +   1   8   
18  19  40  45  49   +   6   12  
9   14  15  28  49   +   2   10  
10  14  24  33  42   +   1   2   
23  26  27  35  48   +   4   12  
8   26  36  38  49   +   2   11  
10  28  36  44  45   +   2   8   
12  13  26  36  39   +   8   9   
2   3   8   29  43   +   8   12  
1   23  37  38  47   +   6   10  
10  15  37  38  41   +   4   12  
1   14  16  30  40   +   4   12  
23  24  26  38  43   +   2   12  
9   22  38  43  50   +   7   9   
13  27  28  30  43   +   1   3   
10  16  27  30  47   +   4   7   
9   10  22  31  39   +   3   9   
2   21  29  32  49   +   1   4   
5   16  30  34  37   +   1   4   
2   27  29  33  44   +   5   9   
6   18  24  32  45   +   1   10  
2   4   24  39  46   +   3   9   
1   7   11  24  46   +   3   4   
28  32  36  42  49   +   11  12  
24  29  36  37  42   +   5   11  
22  28  33  39  47   +   3   10  
12  13  33  35  37   +   6   8   
3   35  38  43  47   +   3   11  
8   15  19  20  36   +   2   3   
11  15  32  40  43   +   3   11  
1   8   33  42  50   +   6   9   
7   18  37  46  49   +   4   8   
3   13  26  29  34   +   1   10  
16  22  25  28  29   +   3   7   
9   24  32  34  39   +   5   6   
9   23  29  36  47   +   3   5   
2   3   30  32  36   +   3   9   
8   13  38  41  46   +   8   9   
2   6   15  38  44   +   2   7   
12  20  37  39  45   +   5   8   
3   23  27  38  42   +   7   9   
4   7   19  39  49   +   5   12  
6   12  17  33  40   +   7   10  
5   31  35  38  49   +   4   5   
2   19  24  30  46   +   3   12  
5   7   22  28  37   +   3   11  
1   6   13  23  37   +   3   11  
12  23  31  46  50   +   1   2   
14  19  22  35  39   +   3   8   
17  20  32  35  40   +   2   9   
20  21  31  37  49   +   1   2   
20  28  29  40  42   +   1   4   
11  13  16  32  48   +   2   5   
2   12  14  33  39   +   3   8   
12  19  21  39  41   +   7   9   
15  26  32  37  39   +   5   9   
11  21  28  35  46   +   1   7   
3   20  23  31  33   +   7   9   
7   27  29  30  48   +   3   9   
6   10  20  22  37   +   8   9   
10  16  23  35  45   +   2   9   
13  31  38  39  49   +   4   8   
10  13  28  31  44   +   2   10  
13  14  21  39  44   +   1   4   
3   18  35  37  39   +   1   8   
3   10  13  17  43   +   1   12  
11  16  21  27  42   +   1   3   
21  24  29  33  34   +   6   7   
1   3   6   7   15   +   3   10  
7   9   19  40  41   +   11  12  
7   34  44  47  48   +   1   9   
24  29  36  45  49   +   2   10  
3   36  39  41  45   +   2   5   
4   16  21  37  46   +   3   12  
9   18  20  25  50   +   8   10  
2   19  32  33  47   +   1   9   
9   20  27  43  47   +   7   12  
23  25  34  43  50   +   8   12  
12  14  16  20  35   +   1   9   
1   24  33  44  46   +   7   10  
7   15  23  38  50   +   5   9   
7   15  19  41  50   +   6   7   
3   15  27  30  44   +   6   7   
7   17  24  37  41   +   10  12  
2   14  22  24  26   +   10  12  
12  24  29  30  47   +   2   12  
1   2   12  23  45   +   2   11  
5   20  27  44  50   +   4   10  
9   22  24  39  47   +   5   6   
12  18  45  46  48   +   3   6   
8   10  14  22  41   +   1   9   
32  36  38  44  49   +   5   8   
16  19  38  42  43   +   1   4   
4   11  38  41  49   +   4   11  
2   6   18  19  48   +   2   6   
2   18  35  36  41   +   1   5   
3   14  21  24  30   +   6   9   
6   23  28  31  48   +   7   11  
25  27  35  37  50   +   3   12  
10  12  32  37  43   +   8   12  
9   12  23  40  49   +   3   9   
3   10  12  30  42   +   9   10  
12  28  34  38  39   +   2   5   
1   15  25  35  45   +   6   8   
1   11  16  19  28   +   11  12  
22  23  27  35  37   +   5   10  
4   6   13  16  37   +   6   8   
6   16  19  24  30   +   8   12  
3   14  36  42  45   +   3   7   
11  13  19  23  42   +   3   5   
4   20  21  31  41   +   3   5   
18  22  25  31  35   +   5   12  
6   27  30  35  46   +   6   7   
10  15  16  22  33   +   4   9   
5   31  41  43  49   +   6   11  
13  25  32  38  49   +   2   5   
4   7   20  24  43   +   1   4   
11  20  33  46  47   +   3   6   
20  26  36  41  45   +   8   11  
1   8   25  36  47   +   1   12  
25  29  32  33  34   +   4   5   
2   9   36  37  41   +   1   7   
7   25  30  36  46   +   2   6   
3   12  29  38  41   +   1   7   
1   15  19  21  48   +   5   6   
10  17  21  27  29   +   1   3   
5   27  41  46  49   +   6   10  
12  18  20  29  48   +   7   10  
4   18  20  26  42   +   8   12  
1   5   36  46  47   +   5   11  
1   6   40  42  47   +   3   5   
10  24  25  32  39   +   6   11  
8   22  28  38  42   +   1   10  
2   14  15  25  27   +   1   10  
1   7   9   33  45   +   10  11  
30  32  35  44  46   +   4   10  
4   5   18  27  41   +   1   11  
7   13  17  39  42   +   8   11  
4   16  19  33  38   +   3   8   
8   15  19  27  35   +   7   8   
13  16  38  43  44   +   3   8   
5   14  19  22  31   +   4   7   
4   18  26  48  49   +   3   5   
6   10  29  36  37   +   8   11  
11  12  25  37  47   +   4   11  
9   24  29  45  48   +   5   10  
18  19  26  37  39   +   5   7   
13  16  20  25  39   +   4   8   
2   15  34  36  39   +   8   9   
21  22  30  33  48   +   7   12  
1   4   8   21  37   +   2   9   
5   12  29  34  44   +   5   11  
2   5   15  36  37   +   3   10  
7   9   13  31  39   +   5   9   
8   25  30  33  40   +   3   9   
2   14  18  33  47   +   3   12  
12  23  28  30  37   +   2   10  
13  24  26  28  35   +   2   6   
16  31  38  42  49   +   4   9   
8   9   10  34  47   +   9   12  
8   14  24  29  41   +   11  12  
12  14  18  36  37   +   8   11  
8   11  22  26  38   +   3   12  
7   17  24  37  48   +   2   10  
9   12  29  33  45   +   5   10  
3   7   25  47  50   +   1   3   
1   11  13  21  33   +   2   4   
1   33  34  35  50   +   2   8   
11  16  24  31  42   +   4   9   
8   37  41  42  43   +   2   10  
16  25  27  37  48   +   7   11  
13  16  17  28  41   +   11  12  
4   8   11  24  32   +   5   7   
3   31  32  38  43   +   3   5   
5   7   10  15  25   +   6   9   
19  20  30  45  47   +   1   9   
20  22  33  34  46   +   2   4   
3   8   22  42  43   +   2   3   
23  24  27  31  34   +   7   11  
1   9   22  32  45   +   6   11  
3   8   15  24  44   +   10  12  
26  33  36  37  47   +   7   9   
1   7   14  16  21   +   9   12  
31  32  33  34  39   +   5   10  
8   14  32  37  43   +   9   12  
5   7   22  26  38   +   4   6   
10  15  20  23  28   +   3   6   
10  20  38  46  50   +   6   7   
3   19  35  41  49   +   1   5   
12  30  42  45  49   +   2   6   
13  15  23  30  49   +   2   5   
4   9   14  34  38   +   2   6   
9   18  28  30  46   +   9   11  
13  24  26  29  45   +   4   9   
17  25  38  46  48   +   7   9   
13  15  16  24  27   +   6   8   
6   20  34  37  48   +   6   7   
5   11  21  30  38   +   1   11  
7   18  30  32  50   +   2   10  
9   30  38  41  46   +   4   11  
2   13  22  41  50   +   5   7   
9   20  28  29  42   +   7   11  
13  24  29  32  45   +   8   12  
7   9   15  30  36   +   4   6   
22  38  40  41  49   +   2   3   
4   23  26  37  50   +   4   9   
22  24  31  43  45   +   6   12  
7   19  25  29  41   +   2   4   
13  18  19  30  33   +   2   11  
7   17  21  36  50   +   4   5   
2   9   14  32  39   +   1   6   
14  16  20  30  39   +   1   5   
14  16  28  36  50   +   6   7   
1   28  34  44  47   +   1   3   
5   9   22  28  38   +   7   9   
1   4   24  28  50   +   4   10  
16  24  33  40  47   +   4   9   
12  14  23  40  47   +   3   12  
22  30  37  41  47   +   1   12  
19  21  28  39  43   +   7   11  
14  15  21  23  44   +   1   12  
20  27  28  40  46   +   6   9   
12  20  21  31  41   +   1   8   
19  23  33  38  43   +   3   9   
4   10  13  25  47   +   8   9   
27  30  39  41  49   +   4   8   
6   8   15  25  34   +   7   10  
7   10  22  37  50   +   3   6   
9   28  36  43  49   +   6   8   
14  17  30  35  41   +   1   4   
6   12  13  17  26   +   3   7   
6   12  26  35  47   +   4   7   
17  23  26  27  39   +   5   12  
1   7   30  31  36   +   6   9   
20  31  34  36  39   +   2   11  
6   11  23  25  37   +   9   10  
4   14  18  39  44   +   6   12  
4   12  24  32  47   +   8   9   
21  26  28  34  46   +   1   2   
8   10  14  21  27   +   1   4   
13  23  27  36  42   +   3   5   
5   18  21  25  26   +   4   11  
4   11  16  23  49   +   3   12  
9   13  34  40  44   +   5   8   
2   13  16  30  48   +   3   5   
13  19  26  30  35   +   6   9   
7   8   21  30  43   +   4   12  
8   9   11  19  32   +   6   7   
6   14  15  20  26   +   4   8   
15  16  33  45  50   +   1   5   
10  15  24  25  37   +   1   10  
13  18  19  31  37   +   10  11  
7   16  23  27  33   +   3   7   
3   4   22  34  36   +   3   10  
7   11  12  25  44   +   7   10  
2   7   20  27  40   +   2   8   
10  32  39  44  50   +   11  12  
1   20  43  46  49   +   3   5   
8   9   11  14  33   +   5   12  
22  23  29  40  45   +   1   4   
9   13  31  33  35   +   7   11  
12  14  34  45  46   +   8   11  
15  21  28  30  47   +   3   9   
13  18  19  25  36   +   4   5   
9   11  43  45  48   +   1   10  
15  20  25  34  38   +   10  12  
1   11  20  34  47   +   4   9   
3   10  22  25  49   +   8   11  
8   10  27  41  43   +   4   10  
11  14  20  33  48   +   3   10  
13  20  29  32  47   +   7   12  
10  31  37  44  48   +   11  12  
5   7   17  38  46   +   3   9   
3   5   8   12  44   +   2   12  
2   26  29  37  38   +   11  12  
8   13  24  25  40   +   1   5   
5   21  25  28  33   +   9   12  
1   8   9   10  17   +   4   7   
3   9   17  18  47   +   2   4   
1   18  19  40  42   +   3   5   
14  24  31  39  41   +   6   9   
9   10  24  38  50   +   9   11  
2   15  25  35  46   +   1   12  
3   6   10  15  36   +   4   7   
1   2   27  45  46   +   8   12  
14  18  31  36  37   +   3   11  
1   7   10  44  45   +   2   3   
10  16  26  43  46   +   1   7   
30  34  43  45  49   +   7   10  
1   8   15  30  35   +   3   9   
7   16  23  39  47   +   2   11  
4   5   29  31  32   +   10  12  
3   40  46  47  49   +   7   8   
14  15  23  26  33   +   6   11  
1   7   11  22  29   +   4   12  
14  16  34  39  49   +   2   7   
8   16  30  32  36   +   7   11  
13  14  19  41  45   +   1   10  
7   18  20  41  42   +   8   11  
5   12  29  46  50   +   1   8   
3   9   23  29  32   +   1   12  
1   3   16  35  42   +   1   11  
2   5   8   40  47   +   3   5   
6   19  29  43  50   +   1   8   
2   6   30  32  34   +   4   10  
4   9   17  36  40   +   3   4   
4   15  23  38  45   +   2   12  
2   11  26  34  50   +   5   8   
4   6   23  31  44   +   3   7   
27  29  31  40  44   +   3   12  
26  28  33  41  44   +   4   10  
13  14  25  35  45   +   4   12  
8   9   13  29  43   +   5   8   
6   9   16  34  44   +   9   12  
7   11  17  29  49   +   9   11  
3   33  37  38  40   +   4   8   
10  19  20  28  32   +   5   8   
7   9   24  35  44   +   6   9   
21  22  28  29  30   +   2   8   
11  12  26  39  42   +   7   8   
14  23  28  29  50   +   1   5   
13  15  16  23  42   +   8   11  
2   20  27  33  37   +   1   5   
34  35  38  40  41   +   1   6   
9   14  29  33  36   +   7   11  
15  25  29  32  35   +   2   12  
28  33  39  40  50   +   4   7   
10  28  32  40  45   +   8   9   
11  16  22  25  38   +   2   5   
4   16  28  42  47   +   4   12  
1   7   18  26  31   +   3   10  
9   25  26  39  44   +   2   10  
5   26  37  42  44   +   7   9   
6   7   11  21  29   +   4   5   
5   16  24  25  32   +   3   10  
11  28  40  41  49   +   3   6   
3   10  16  38  40   +   5   10  
11  34  41  46  49   +   9   12  
8   10  19  40  46   +   1   3   
14  24  37  46  50   +   1   2   
3   9   15  22  47   +   7   8   
2   3   22  43  48   +   5   12  
1   6   14  31  37   +   3   11  
9   14  35  42  43   +   4   12  
7   9   10  11  12   +   1   8   
10  16  33  44  45   +   2   5   
4   8   20  30  44   +   1   8   
2   10  14  15  31   +   8   11  
16  24  29  36  39   +   4   6   
2   6   24  29  32   +   5   8   
2   6   33  39  48   +   1   7   
7   11  13  28  46   +   1   6   
2   9   24  39  40   +   11  12  
9   20  32  33  37   +   5   9   
6   20  21  29  49   +   8   12  
1   24  34  47  49   +   11  12  
1   17  39  45  49   +   4   6   
17  18  26  31  39   +   2   11  
6   7   14  17  37   +   1   11  
17  19  32  33  43   +   8   9   
9   15  25  35  38   +   7   10  
15  27  33  34  40   +   6   10  
17  22  28  39  50   +   3   4   
2   13  14  23  26   +   1   2   
8   13  18  30  47   +   3   10  
7   18  19  26  39   +   9   10  
17  23  24  25  40   +   8   9   
2   9   20  28  43   +   4   12  
27  36  39  44  49   +   4   7   
1   26  44  49  50   +   4   10  
1   3   8   11  49   +   4   12  
19  23  30  35  46   +   11  12  
12  15  27  33  43   +   3   11  
5   17  43  46  50   +   5   9   
3   6   9   17  32   +   6   8   
14  22  23  36  41   +   1   11  
5   8   20  31  37   +   7   8   
1   2   7   13  45   +   3   4   
7   12  13  45  46   +   2   3   
4   10  18  38  39   +   2   8   
1   9   11  32  46   +   2   6   
18  27  28  34  35   +   3   6   
5   9   10  13  19   +   4   7   
21  25  35  44  50   +   1   5   
11  18  20  36  40   +   2   10  
4   12  22  35  41   +   5   8   
4   10  14  20  45   +   6   8   
17  18  19  31  45   +   3   11  
1   6   32  40  48   +   2   8   
12  17  30  31  37   +   1   11  
5   15  38  45  48   +   7   10  
20  41  44  49  50   +   2   7   
5   26  33  34  40   +   3   5   
15  17  29  36  49   +   3   11  
1   30  32  43  44   +   5   6   
8   14  36  44  50   +   4   10  
21  22  28  31  37   +   9   12  
3   7   13  22  35   +   5   7   
16  17  28  37  40   +   1   5   
2   21  27  41  47   +   5   8   
11  13  24  26  38   +   2   4   
1   14  21  31  38   +   1   4   
2   8   19  26  36   +   7   9   
4   13  44  45  46   +   5   10  
2   9   25  47  49   +   2   4   
26  28  32  37  44   +   7   11  
11  23  30  36  47   +   2   5   
10  28  32  49  50   +   1   10  
2   26  29  39  47   +   11  12  
10  12  26  37  43   +   2   3   
5   11  21  28  37   +   6   11  
2   7   9   11  47   +   2   3   
8   20  27  29  38   +   9   10  
6   13  14  23  44   +   4   8   
3   17  18  24  48   +   7   9   
3   21  22  34  48   +   2   10  
27  35  36  44  46   +   10  12  
6   28  37  47  48   +   6   8   
4   13  20  30  37   +   1   2   
6   8   12  26  40   +   6   8   
6   12  13  16  41   +   2   4   
7   18  21  27  39   +   5   11  
4   12  32  43  50   +   8   12  
13  14  17  28  33   +   3   8   
1   4   10  26  37   +   7   9   
19  21  27  30  47   +   1   6   
3   5   25  28  41   +   4   9   
30  36  37  42  43   +   1   11  
14  17  23  37  40   +   1   2   
8   21  26  31  45   +   2   6   
1   17  23  32  45   +   5   10  
9   15  24  25  37   +   1   12  
5   16  21  35  44   +   1   4   
3   6   30  32  47   +   2   8   
10  12  30  42  44   +   5   11  
18  25  35  38  47   +   4   9   
22  26  34  40  45   +   7   11  
6   19  20  28  31   +   8   11  
1   2   3   4   24   +   5   8   
4   6   8   16  28   +   5   7   
7   19  30  32  36   +   2   9   
8   12  23  31  32   +   6   7   
10  11  27  34  36   +   8   11  
11  13  19  31  37   +   1   8   
3   11  14  26  40   +   3   11  
1   11  28  35  40   +   2   7   
12  15  25  29  46   +   1   5   
11  17  33  42  48   +   10  12  
6   8   11  35  43   +   7   9   
18  28  35  43  49   +   3   5   
5   21  24  26  37   +   2   10  
20  24  26  38  41   +   8   10  
4   5   11  35  47   +   6   7   
5   19  24  30  45   +   5   10  
2   7   13  27  38   +   3   9   
26  31  32  39  44   +   8   11  
3   20  24  35  36   +   1   8   
3   10  25  29  47   +   1   6   
3   7   29  39  40   +   4   12  
6   14  30  34  41   +   1   5   
23  36  38  43  45   +   6   12  
4   40  44  45  47   +   3   5   
5   12  30  37  41   +   3   4   
4   17  32  35  44   +   4   9   
4   12  18  36  48   +   2   4   
11  12  19  25  47   +   5   10  
13  16  27  31  40   +   1   2   
5   34  37  46  48   +   6   10  
8   18  24  33  48   +   1   12  
7   15  22  24  42   +   4   7   
19  28  29  34  39   +   1   11  
9   12  23  34  50   +   3   4   
3   7   14  21  35   +   3   7   
7   18  20  40  49   +   2   12  
1   10  11  18  23   +   7   9   
10  14  33  37  49   +   4   7   
3   11  16  19  31   +   7   8   
7   11  13  17  41   +   5   9   
1   3   35  40  43   +   1   8   
4   11  30  33  41   +   1   8   
2   16  17  46  49   +   10  11  
4   6   16  33  46   +   1   5   
17  23  35  37  40   +   8   11  
6   10  32  45  46   +   7   8   
6   16  31  35  36   +   1   7   
22  39  40  47  49   +   5   12  
15  18  24  25  46   +   5   6   
18  27  47  48  49   +   8   11  
25  27  34  40  46   +   7   11  
11  30  35  43  47   +   3   5   
4   27  31  37  44   +   1   2   
2   13  25  27  32   +   4   8   
16  19  34  37  43   +   4   5   
21  27  31  33  46   +   5   8   
6   11  21  29  31   +   5   8   
16  22  25  32  42   +   6   9   
16  19  29  35  40   +   2   3   
3   6   31  35  43   +   4   6   
8   13  32  35  43   +   4   9   
8   16  18  44  48   +   4   12  
1   4   32  37  48   +   4   6   
7   24  26  29  36   +   5   11  
17  19  24  25  33   +   6   10  
11  16  20  27  39   +   4   12  
6   28  37  40  50   +   2   8   
7   24  35  38  43   +   1   3   
11  15  24  35  41   +   2   9   
10  25  30  40  47   +   4   8   
6   21  24  27  48   +   4   8   
2   12  14  18  43   +   5   12  
6   11  12  32  42   +   6   10  
1   7   13  16  42   +   3   8   
1   3   29  38  41   +   9   11  
6   12  27  30  42   +   3   4   
11  17  36  41  49   +   2   10  
2   10  11  23  36   +   1   11  
11  19  21  40  42   +   8   9   
4   13  30  33  39   +   7   12  
14  37  43  44  45   +   2   8   
14  20  22  43  44   +   3   11  
5   19  29  44  46   +   3   4   
13  17  26  27  34   +   2   9   
15  23  30  32  37   +   2   12  
5   7   10  16  42   +   3   12  
1   5   14  17  31   +   8   10  
25  26  38  40  46   +   4   5   
2   17  23  29  48   +   1   12  
1   8   13  25  31   +   2   9   
3   9   17  24  25   +   8   9   
5   15  44  48  49   +   7   12  
4   13  29  34  47   +   1   10  
8   13  20  29  40   +   2   9   
13  23  24  31  34   +   1   7   
7   16  18  33  37   +   1   4   
5   7   36  38  44   +   1   2   
1   4   31  34  48   +   1   6   
10  32  40  46  48   +   9   11  
10  14  34  39  42   +   5   11  
1   19  25  37  42   +   4   6   
7   23  26  39  41   +   3   9   
19  22  30  46  50   +   6   12  
5   8   10  21  47   +   3   7   
1   17  21  27  42   +   7   10  
13  20  27  33  38   +   3   12  
1   6   20  28  45   +   1   2   
2   6   15  22  38   +   5   7   
7   18  26  29  48   +   2   4   
3   11  15  17  33   +   6   7   
7   28  30  36  40   +   6   12  
14  21  32  35  48   +   5   8   
9   18  25  33  43   +   4   8   
8   23  34  38  41   +   2   11  
5   13  29  30  39   +   5   10  
29  36  39  45  47   +   1   2   
4   10  21  43  48   +   2   6   
3   10  12  35  41   +   3   8   
2   8   14  19  40   +   8   10  
11  16  19  25  35   +   5   7   
24  31  40  46  48   +   2   11  
14  18  21  22  30   +   6   8   
5   6   19  29  30   +   3   11  
4   7   14  21  45   +   2   7   
17  18  26  29  47   +   2   3   
5   8   9   42  49   +   8   12  
4   28  33  35  50   +   3   6   
5   9   21  39  46   +   4   6   
7   15  20  35  45   +   6   7   
9   18  22  41  50   +   5   6   
1   2   12  28  35   +   2   3   
7   20  26  43  44   +   3   11  
6   13  17  36  41   +   3   6   
6   7   12  19  46   +   1   9   
15  18  25  27  41   +   9   12  
6   15  19  29  33   +   3   11  
23  24  30  35  47   +   5   6   
9   11  28  41  49   +   4   12  
8   11  20  25  49   +   6   11  
16  35  41  48  49   +   1   10  
13  20  21  34  36   +   5   10  
3   10  15  20  29   +   4   9   
16  26  32  36  43   +   4   6   
9   37  47  49  50   +   7   8   
8   30  33  35  38   +   9   10  
2   3   27  30  40   +   3   4   
5   17  18  27  39   +   3   10  
9   40  44  45  49   +   1   7   
19  21  30  37  46   +   1   5   
5   14  18  31  39   +   4   5   
12  35  41  44  45   +   11  12  
5   20  22  24  41   +   5   9   
9   16  24  26  31   +   1   3   
5   11  29  43  49   +   2   4   
17  29  32  35  49   +   7   8   
17  31  39  41  47   +   1   2   
6   11  23  37  44   +   7   9   
13  16  17  18  36   +   5   12  
2   5   25  32  50   +   1   9   
21  29  31  42  46   +   7   11  
3   29  44  45  46   +   3   7   
1   22  29  40  41   +   5   6   
33  37  40  45  46   +   6   12  
8   23  29  43  44   +   6   8   
1   3   24  27  43   +   2   3   
24  31  34  36  38   +   4   6   
1   16  23  26  30   +   6   9   
12  28  33  35  40   +   1   7   
4   8   21  23  27   +   4   8   
12  24  30  44  45   +   5   12  
3   6   19  20  48   +   2   12  
2   21  27  39  42   +   5   6   
13  14  17  22  49   +   4   6   
31  40  41  46  47   +   6   8   
22  37  38  44  46   +   1   6   
3   38  45  47  48   +   1   6   
26  27  36  39  40   +   1   9   
4   17  18  25  38   +   4   8   
10  12  13  40  49   +   10  12  
9   10  27  34  43   +   3   9   
2   9   23  25  50   +   4   9   
9   11  25  28  34   +   6   12  
10  19  23  26  31   +   2   8   
2   3   17  27  45   +   2   8   
4   6   17  21  28   +   11  12  
23  25  34  39  40   +   8   12  
18  24  28  40  50   +   8   12  
12  39  42  48  49   +   5   9   
14  16  22  33  41   +   8   11  
1   4   28  34  46   +   2   8   
2   17  32  44  49   +   3   9   
3   4   7   10  11   +   8   9   
10  11  34  48  50   +   4   7   
14  31  34  48  50   +   2   6   
4   29  34  37  44   +   4   7   
18  19  23  26  33   +   7   11  
12  36  47  48  50   +   10  12  
7   24  30  42  46   +   1   5   
8   18  30  44  50   +   11  12  
7   20  21  38  46   +   3   10  
37  38  43  44  48   +   5   9   
5   14  21  27  48   +   9   12  
3   5   11  15  38   +   8   12  
3   30  41  47  49   +   3   7   
5   11  22  26  34   +   4   5   
3   18  23  27  33   +   3   7   
19  26  31  44  50   +   8   9   
14  15  25  38  50   +   1   12  
4   16  22  26  34   +   2   7   
2   12  19  33  40   +   11  12  
12  20  23  26  43   +   3   9   
3   10  17  32  48   +   1   5   
13  16  36  42  49   +   5   7   
4   5   7   40  49   +   2   3   
13  15  20  38  39   +   2   4   
30  32  42  43  46   +   8   9   
6   8   21  27  47   +   4   7   
15  29  32  38  48   +   1   3   
2   8   10  39  49   +   1   9   
1   4   22  48  50   +   7   12  
16  38  42  44  48   +   4   10  
1   10  33  34  41   +   7   10  
8   9   16  43  49   +   1   4   
4   11  14  33  43   +   2   3   
6   30  37  47  49   +   3   5   
12  15  21  45  49   +   3   6   
9   16  17  38  44   +   9   12  
2   17  23  34  44   +   7   12  
5   12  16  18  23   +   5   10  
23  24  32  36  39   +   1   2   
5   18  24  32  48   +   3   7   
10  17  23  45  49   +   1   8   
7   9   14  28  34   +   2   9   
4   20  32  33  45   +   5   9   
9   18  19  28  48   +   5   7   
3   26  30  31  41   +   9   11  
8   20  21  26  30   +   9   11  
25  29  32  37  38   +   2   3   
10  23  37  47  50   +   1   8   
5   10  16  33  45   +   4   7   
17  21  30  33  48   +   2   3   
7   8   11  42  44   +   5   8   
21  23  42  43  45   +   3   8   
17  23  26  27  34   +   3   5   
12  31  32  33  36   +   3   12  
15  18  20  27  37   +   3   8   
10  11  17  35  45   +   3   9   
9   11  28  33  48   +   8   10  
5   7   8   21  43   +   5   8   
3   5   19  28  29   +   5   11  
14  15  22  24  29   +   2   12  
29  42  43  44  48   +   7   8   
5   21  22  43  44   +   4   6   
2   5   24  41  50   +   3   8   
3   6   16  30  47   +   3   7   
20  30  38  42  47   +   5   12  
5   14  20  35  36   +   1   2   
10  11  18  42  44   +   3   8   
4   5   23  26  27   +   4   9   
14  32  35  40  46   +   7   12  
4   11  16  30  47   +   6   10  
12  22  32  33  43   +   7   11  
14  21  34  42  43   +   3   11  
17  28  32  37  50   +   4   7   
23  30  40  43  47   +   5   10  
5   9   13  14  18   +   2   8   
7   42  43  46  47   +   2   12  
4   5   16  20  44   +   3   7   
5   7   31  40  50   +   8   11  
7   8   22  27  44   +   9   11  
4   5   26  39  49   +   2   8   
19  26  30  44  46   +   9   12  
15  24  27  28  50   +   3   11  
18  19  39  43  46   +   8   11  
7   16  34  47  48   +   2   5   
6   8   14  25  40   +   2   12  
11  12  17  18  19   +   8   10  
6   7   17  43  49   +   2   5   
30  34  42  48  49   +   5   7   
6   24  25  49  50   +   3   11  
5   15  24  30  50   +   6   9   
3   5   11  36  48   +   9   11  
6   11  15  27  28   +   7   9   
3   20  33  34  35   +   1   8   
10  15  23  29  31   +   2   6   
4   21  22  25  41   +   4   11  
13  18  36  45  47   +   5   9   
7   11  12  23  32   +   4   7   
18  19  28  42  48   +   2   3   
17  18  37  40  47   +   2   5   
1   4   23  27  34   +   7   11  
17  26  33  39  48   +   3   6   
1   17  26  38  40   +   7   8   
13  15  28  40  46   +   2   12  
1   2   29  36  50   +   1   12  
18  19  20  26  43   +   3   6   
12  14  22  23  37   +   5   6   
3   14  33  46  47   +   7   8   
6   15  25  27  44   +   8   10  
13  14  22  46  47   +   2   5   
20  24  33  34  39   +   1   6   
4   8   16  21  36   +   6   8   
9   15  27  36  39   +   8   12  
2   4   11  21  48   +   5   9   
1   11  18  40  50   +   11  12  
9   23  27  33  36   +   1   7   
4   7   11  18  44   +   5   11  
2   15  17  37  46   +   7   12  
10  14  31  37  46   +   1   3   
10  16  20  23  30   +   8   11  
7   19  23  40  42   +   1   3   
12  13  16  18  40   +   8   12  
12  21  22  27  38   +   4   11  
4   6   22  27  35   +   4   7   
12  13  27  35  47   +   1   5   
5   19  20  21  40   +   3   10  
10  16  25  40  50   +   8   12  
19  23  46  48  49   +   5   12  
18  31  32  34  35   +   1   6   
5   12  25  39  46   +   4   6   
1   11  21  24  31   +   7   10  
10  29  39  45  47   +   6   12  
1   10  22  44  50   +   2   8   
8   10  19  21  45   +   1   4   
9   12  25  29  36   +   5   11  
19  23  35  44  45   +   2   4   
5   29  31  34  49   +   6   8   
9   12  15  33  38   +   10  12  
8   18  20  27  39   +   6   10  
7   21  27  42  45   +   7   9   
11  31  38  44  45   +   3   9   
14  31  35  40  49   +   4   10  
24  28  34  35  50   +   9   11  
1   9   14  32  45   +   9   11  
5   6   10  33  39   +   5   9   
5   18  22  23  28   +   1   3   
9   16  28  35  47   +   5   11  
9   12  21  31  47   +   4   12  
5   23  33  34  38   +   8   10  
12  27  29  31  42   +   2   5   
10  14  25  37  38   +   1   6   
4   28  30  39  43   +   1   8   
4   6   19  42  49   +   1   6   
4   11  17  19  26   +   4   10  
7   10  17  38  41   +   4   8   
3   5   6   10  17   +   1   9   
7   18  21  25  50   +   6   9   
13  18  19  40  42   +   3   12  
1   6   13  30  45   +   2   7   
8   22  31  33  36   +   2   6   
19  36  43  48  49   +   3   12  
8   19  25  28  42   +   2   3   
21  22  33  34  35   +   6   11  
11  18  21  30  50   +   1   11  
5   15  23  33  35   +   7   12  
10  18  26  30  45   +   5   9   
3   15  16  32  43   +   4   10  
10  30  39  43  48   +   1   12  
11  24  26  46  47   +   6   8   
4   7   18  27  29   +   9   12  
11  25  32  41  43   +   7   12  
14  35  38  44  48   +   6   10  
7   8   17  21  50   +   8   9   
2   17  19  22  42   +   2   12  
4   10  36  37  47   +   8   10  
32  42  45  47  49   +   9   10  
17  20  24  39  42   +   2   6   
1   8   11  32  38   +   1   12  
10  22  31  33  46   +   2   6   
11  31  39  46  47   +   1   8   
6   23  26  36  47   +   7   12  
17  32  42  43  46   +   2   9   
5   19  30  32  47   +   1   8   
10  30  31  40  44   +   1   7   
4   29  34  37  40   +   2   5   
15  19  20  37  50   +   6   8   
3   4   7   16  19   +   4   10  
1   30  42  44  45   +   7   8   
17  21  40  42  49   +   1   7   
8   14  15  33  43   +   5   11  
6   34  39  44  49   +   3   7   
1   4   21  26  43   +   10  11  
12  17  31  45  49   +   2   4   
4   6   19  21  22   +   3   5   
1   17  32  34  41   +   4   8   
11  13  20  37  41   +   1   10  
2   16  24  36  50   +   2   3   
3   6   12  28  31   +   7   9   
2   45  46  47  48   +   2   3   
16  18  27  30  42   +   2   3   
12  28  31  32  36   +   8   10  
12  13  22  26  39   +   5   6   
16  17  24  45  49   +   3   12  
5   16  23  25  30   +   3   5   
16  18  27  29  47   +   3   4   
12  25  33  41  43   +   3   9   
6   29  30  42  46   +   5   12  
10  11  36  47  49   +   1   11  
20  26  31  45  47   +   4   10  
13  21  29  35  37   +   4   9   
10  11  19  33  44   +   7   8   
9   25  30  40  45   +   1   7   
20  23  35  40  47   +   2   9   
3   24  37  48  49   +   3   8   
1   32  33  34  48   +   6   12  
2   20  26  33  39   +   4   7   
4   9   20  27  42   +   3   8   
36  38  47  48  50   +   7   11  
1   29  39  46  50   +   7   11  
6   22  26  34  46   +   8   9   
3   11  14  21  37   +   2   10  
10  13  16  22  42   +   2   6   
8   11  34  40  43   +   11  12  
12  15  17  34  38   +   8   11  
1   4   18  22  50   +   10  12  
7   12  16  27  43   +   2   5   
10  33  43  48  49   +   4   12  
20  21  40  43  45   +   6   10  
21  27  31  44  46   +   2   6   
18  22  26  28  39   +   3   4   
3   5   8   28  44   +   3   5   
12  14  17  30  33   +   2   10  
9   13  15  34  44   +   6   12  
17  19  22  25  48   +   2   5   
5   8   17  23  50   +   3   8   
3   27  31  43  44   +   2   3   
1   2   9   15  34   +   3   7   
15  41  45  47  49   +   1   10  
21  29  37  40  45   +   3   10  
11  12  34  37  42   +   9   12  
2   7   17  33  48   +   4   12  
8   21  33  43  47   +   2   7   
26  33  34  35  37   +   5   12  
1   18  24  45  50   +   3   9   
9   33  37  40  48   +   2   5   
10  13  26  40  50   +   1   11  
5   6   20  22  29   +   4   8   
7   14  21  34  48   +   2   8   
5   7   22  28  47   +   4   11  
10  37  39  41  50   +   2   8   
4   12  19  26  28   +   4   11  
9   11  40  44  48   +   2   7   
2   19  20  25  48   +   4   8   
8   15  36  48  50   +   7   9   
3   8   40  43  50   +   3   9   
6   7   15  27  49   +   9   11  
1   12  28  43  46   +   8   9   
4   22  26  27  45   +   1   5   
21  34  36  40  44   +   7   12  
5   8   13  16  45   +   5   8   
5   20  29  34  40   +   7   10  
11  29  33  37  48   +   1   9   
7   13  30  32  35   +   4   6   
10  33  38  40  47   +   4   11  
1   35  38  43  50   +   2   5   
11  20  25  32  42   +   2   11  
30  33  45  46  50   +   4   10  
3   16  20  23  35   +   9   12  
13  16  17  31  32   +   1   4   
1   20  23  27  29   +   4   5   
5   17  21  29  40   +   4   7   
12  21  23  28  41   +   6   7   
4   14  16  31  43   +   6   10  
21  27  34  47  48   +   4   5   
11  20  34  45  47   +   7   11  
14  16  28  38  39   +   1   11  
8   14  20  34  43   +   5   10  
9   10  13  14  22   +   3   12  
8   12  14  16  21   +   11  12  
31  34  40  42  46   +   2   4   
7   25  26  46  50   +   2   3   
4   8   24  26  49   +   1   8   
15  38  46  49  50   +   9   10  
16  17  18  33  38   +   3   10  
1   21  22  31  47   +   11  12  
7   13  14  17  19   +   2   6   
9   15  16  39  48   +   9   10  
5   18  31  34  41   +   1   8   
2   5   8   25  32   +   2   3   
9   15  35  40  48   +   9   11  
13  21  24  37  42   +   2   3   
20  25  32  45  48   +   7   10  
11  21  40  46  49   +   10  11  
9   13  33  34  47   +   6   11  
8   12  33  44  50   +   7   8   
6   7   11  39  41   +   1   11  
3   6   13  22  46   +   8   10  
20  29  35  40  47   +   7   10  
2   3   8   17  18   +   1   4   
5   13  18  26  36   +   3   5   
2   9   12  36  39   +   2   5   
1   4   6   12  18   +   2   10  
4   13  15  28  50   +   4   11  
11  25  31  35  39   +   4   9   
1   18  21  22  48   +   10  12  
2   8   9   20  33   +   6   9   
7   8   12  17  25   +   8   11  
28  31  36  47  49   +   1   11  
10  17  32  33  43   +   1   7   
9   13  32  36  37   +   1   9   
11  15  29  30  45   +   2   10  
29  33  44  45  49   +   1   5   
10  23  27  31  36   +   11  12  
3   6   27  35  50   +   6   7   
4   12  14  38  47   +   1   4   
23  32  34  38  46   +   3   7   
10  31  37  41  46   +   1   12  
7   18  20  25  40   +   2   4   
7   22  23  46  50   +   7   12  
2   9   17  19  34   +   5   9   
26  33  40  42  45   +   2   6   
4   22  23  45  47   +   5   7   
8   18  23  31  37   +   1   10  
11  21  29  34  47   +   2   9   
13  18  36  41  46   +   5   11  
5   15  32  41  42   +   5   6   
7   10  14  29  36   +   2   8   
11  18  37  44  48   +   6   10  
2   17  19  25  45   +   5   9   
7   23  30  39  44   +   1   10  
18  22  36  46  47   +   9   11  
1   6   23  30  43   +   6   12  
4   16  24  30  44   +   7   10  
1   5   9   17  48   +   5   7   
1   8   11  20  43   +   5   12  
3   21  22  30  37   +   3   12  
9   26  32  42  48   +   7   12  
1   28  30  40  44   +   3   4   
10  18  32  33  46   +   5   6   
4   11  30  39  49   +   4   7   
28  32  33  46  48   +   5   11  
11  13  19  26  40   +   8   9   
10  23  28  41  47   +   6   7   
5   11  16  32  45   +   3   8   
1   4   25  45  48   +   1   8   
1   8   37  43  45   +   2   10  
7   16  17  37  44   +   5   11  
25  29  32  35  50   +   1   12  
5   9   20  24  48   +   4   5   
10  11  16  24  34   +   5   6   
3   14  17  36  47   +   11  12  
15  19  21  35  46   +   3   7   
11  24  29  32  40   +   6   10  
13  25  28  44  48   +   7   8   
2   33  34  41  46   +   2   11  
8   9   43  45  48   +   4   9   
10  12  15  24  43   +   3   6   
9   17  37  46  49   +   3   12  
4   18  25  27  40   +   9   10  
4   7   18  35  45   +   3   4   
5   8   11  14  50   +   3   12  
6   7   16  26  39   +   3   5   
3   24  31  42  44   +   9   10  
15  29  42  45  48   +   3   5   
1   8   15  19  46   +   4   12  
13  20  21  23  39   +   5   7   
15  16  24  37  47   +   4   10  
5   14  16  22  37   +   4   7   
6   17  18  40  48   +   6   7   
17  29  30  33  39   +   3   11  
5   21  30  32  33   +   7   12  
3   5   6   7   18   +   4   10  
4   8   14  31  40   +   4   8   
7   12  18  19  30   +   1   11  
12  25  33  44  49   +   6   9   
25  27  31  41  48   +   3   10  
6   12  14  17  18   +   1   9   
2   11  16  25  26   +   2   3   
3   16  31  46  49   +   3   11  
3   4   13  20  40   +   2   5   
2   4   19  25  42   +   6   9   
7   11  12  20  39   +   8   9   
13  14  27  28  32   +   3   4   
6   22  27  45  47   +   2   10  
16  34  42  43  45   +   9   11  
8   23  36  40  41   +   7   10  
14  19  26  43  49   +   1   9   
17  25  26  27  50   +   7   8   
1   2   13  34  47   +   6   8   
18  33  37  49  50   +   3   6   
12  26  30  40  45   +   4   6   
8   17  18  31  49   +   8   10  
1   7   13  31  50   +   3   5   
19  26  34  42  46   +   5   6   
24  28  32  42  49   +   2   10  
5   28  38  41  46   +   7   8   
3   23  28  29  50   +   2   10  
7   11  19  27  45   +   3   6   
8   27  42  44  49   +   5   9   
12  13  22  41  43   +   2   5   
24  27  35  39  47   +   2   9   
11  14  31  49  50   +   5   10  
8   14  26  28  29   +   3   9   
16  18  31  41  47   +   5   12  
9   33  34  37  50   +   4   5   
4   6   9   25  38   +   8   12  
14  17  39  42  43   +   1   5   
2   5   15  22  30   +   6   8   
3   5   21  38  47   +   1   10  
26  28  31  42  43   +   1   12  
14  26  36  40  42   +   1   11  
12  30  46  49  50   +   1   5   
16  23  36  48  49   +   7   9   
9   18  23  47  50   +   1   10  
11  19  34  44  50   +   11  12  
1   4   8   16  17   +   6   11  
1   9   15  17  38   +   4   10  
4   5   10  15  21   +   3   11  
9   17  22  26  43   +   4   8   
24  27  30  38  43   +   2   7   
2   9   16  24  25   +   8   9   
7   9   26  37  39   +   2   12  
4   11  23  36  41   +   1   4   
2   15  24  44  50   +   7   12  
6   13  18  36  48   +   8   11  
10  12  27  28  50   +   2   5   
4   10  17  21  30   +   2   9   
4   24  34  37  47   +   4   10  
1   2   31  34  45   +   2   6   
21  33  40  42  44   +   6   10  
4   18  25  40  44   +   3   5   
8   20  30  31  50   +   4   6   
10  36  48  49  50   +   1   3   
2   9   16  25  38   +   2   11  
17  35  39  40  47   +   3   9   
7   28  37  43  44   +   9   10  
4   13  18  40  47   +   2   6   
4   12  15  29  42   +   9   11  
11  19  20  29  41   +   4   8   
1   13  21  23  34   +   3   7   
4   10  16  35  38   +   1   7   
2   5   22  25  47   +   2   7   
8   17  21  33  40   +   6   11  
11  16  17  21  28   +   2   3   
3   4   8   16  22   +   1   12  
16  21  24  39  47   +   1   6   
1   2   12  26  50   +   2   4   
9   12  28  32  50   +   7   12  
1   21  25  31  36   +   4   11  
4   9   14  29  32   +   1   9   
16  18  25  42  44   +   9   10  
18  19  33  37  45   +   4   9   
9   12  13  20  22   +   7   8   
4   14  38  45  47   +   6   8   
10  22  32  34  43   +   3   10  
14  20  24  29  37   +   2   10  
4   12  14  38  46   +   5   6   
1   4   27  39  46   +   4   10  
2   13  18  29  35   +   5   8   
10  14  23  39  40   +   5   12  
17  25  29  38  39   +   1   7   
22  33  40  42  43   +   3   5   
5   20  23  26  41   +   8   9   
5   29  31  39  49   +   1   8   
15  24  44  47  50   +   8   9   
1   13  22  39  47   +   1   2   
7   32  40  43  44   +   10  11  
1   8   17  20  44   +   2   10  
21  26  30  31  47   +   8   9   
4   16  28  38  48   +   11  12  
2   5   9   12  46   +   3   8   
38  39  44  45  47   +   4   9   
3   4   7   30  33   +   1   11  
8   9   10  32  39   +   3   7   
9   18  28  30  37   +   5   12  
14  17  24  40  43   +   4   10  
2   7   8   29  42   +   4   11  
3   18  19  21  31   +   5   7   
8   16  43  47  49   +   9   12  
8   10  27  37  38   +   1   7   
1   5   13  15  28   +   9   12  
3   27  29  37  40   +   2   9   
7   14  28  39  46   +   2   7   
15  24  39  40  42   +   6   10  
10  26  36  47  50   +   3   7   
10  17  43  46  50   +   4   8   
17  23  30  44  45   +   7   9   
5   10  14  39  47   +   2   10  
5   10  12  29  30   +   4   9   
19  20  36  39  42   +   1   11  
1   21  24  43  47   +   3   6   
7   26  43  47  48   +   9   12  
13  16  28  30  35   +   3   5   
4   14  19  21  36   +   7   12  
1   15  29  35  49   +   9   11  
2   11  14  34  42   +   10  11  
2   7   17  28  41   +   8   12  
10  32  40  41  44   +   1   2   
24  30  36  45  48   +   1   2   
15  20  40  43  48   +   3   12  
16  28  35  36  38   +   2   12  
12  13  40  46  49   +   3   12  
1   11  13  16  44   +   9   11  
25  33  43  45  48   +   2   7   
19  24  38  41  42   +   4   6   
8   15  23  35  48   +   5   11  
4   6   35  48  49   +   10  11  
2   5   7   15  17   +   4   8   
4   24  32  37  42   +   5   12  
16  27  29  37  47   +   5   9   
4   5   8   29  49   +   5   8   
4   17  23  35  43   +   3   9   
1   5   20  26  29   +   4   7   
2   12  33  34  49   +   3   10  
9   12  13  28  49   +   6   8   
3   10  23  35  46   +   1   7   
2   4   5   14  38   +   5   11  
1   13  21  25  33   +   5   11  
9   19  26  29  33   +   1   6   
12  21  24  40  43   +   4   8   
4   17  37  41  47   +   2   12  
2   11  13  18  37   +   1   6   
26  35  40  43  50   +   5   7   
8   30  33  39  47   +   9   11  
6   10  11  22  45   +   4   7   
6   8   17  32  36   +   1   6   
26  40  42  43  47   +   3   4   
13  14  15  17  27   +   3   7   
31  35  36  39  46   +   5   10  
5   29  34  49  50   +   1   3   
10  18  19  24  32   +   8   10  
2   34  37  43  45   +   8   11  
2   15  24  27  40   +   1   10  
21  27  31  36  46   +   4   5   
4   12  23  46  50   +   1   12  
4   9   11  47  49   +   3   5   
8   12  29  32  33   +   7   10  
14  18  25  26  27   +   1   6   
5   6   10  20  29   +   1   7   
4   13  16  21  41   +   8   11  
9   16  38  41  44   +   2   4   
3   20  31  42  49   +   10  11  
3   8   20  30  40   +   9   11  
35  39  41  44  47   +   4   10  
19  23  29  30  31   +   9   11  
16  21  24  30  45   +   4   11  
28  35  44  49  50   +   2   10  
5   13  34  35  48   +   4   12  
14  18  24  30  48   +   2   9   
6   8   37  42  43   +   3   5   
5   11  31  38  49   +   2   11  
8   18  20  36  50   +   2   10  
1   30  39  45  46   +   9   11  
16  31  35  37  44   +   8   10  
20  29  46  48  49   +   1   5   
15  37  38  42  43   +   11  12  
1   2   12  26  39   +   5   10  
8   19  28  33  37   +   3   12  
17  28  29  35  47   +   3   6   
3   25  26  27  32   +   8   9   
5   6   31  38  47   +   7   9   
3   6   11  34  39   +   4   12  
7   16  17  25  35   +   6   8   
3   14  23  38  39   +   5   12  
7   13  17  26  32   +   8   10  
11  18  20  35  49   +   2   6   
1   6   36  41  42   +   4   9   
8   12  14  24  34   +   4   11  
1   11  20  27  34   +   3   12  
1   4   9   23  44   +   2   3   
15  16  27  34  36   +   1   3   
2   15  20  21  38   +   9   12  
19  22  28  44  49   +   1   3   
4   15  18  33  45   +   2   9   
1   14  15  16  35   +   6   10  
4   16  17  27  50   +   1   2   
14  25  33  44  46   +   1   11  
14  20  28  30  46   +   3   4   
12  20  21  25  31   +   5   9   
8   14  23  40  49   +   8   9   
9   12  33  38  45   +   2   10  
21  31  35  40  46   +   5   12  
2   20  24  31  43   +   3   10  
11  28  32  33  38   +   4   12  
4   8   10  20  46   +   3   7   
16  19  22  26  42   +   4   5   
1   4   6   35  37   +   2   5   
4   6   7   30  45   +   1   9   
31  33  42  46  49   +   2   5   
8   27  38  41  49   +   3   8   
2   3   13  25  27   +   4   9   
14  15  23  28  45   +   2   11  
15  21  36  41  45   +   6   11  
7   15  34  38  47   +   8   11  
10  11  29  43  48   +   8   12  
16  21  23  26  42   +   2   4   
8   16  18  19  38   +   6   12  
13  16  20  40  49   +   6   7   
8   9   31  33  35   +   1   8   
2   15  20  23  29   +   2   10  
1   17  24  25  37   +   6   8   
9   12  16  32  47   +   7   8   
11  13  14  18  19   +   5   9   
4   10  27  28  30   +   3   6   
2   6   22  23  27   +   2   12  
6   13  20  21  24   +   7   10  
12  17  34  40  49   +   1   7   
13  22  26  36  40   +   4   5   
1   4   9   16  45   +   6   11  
16  17  22  37  45   +   5   9   
21  26  43  44  50   +   8   11  
1   2   11  15  45   +   1   6   
2   16  21  23  32   +   10  11  
4   6   18  20  44   +   1   12  
4   12  20  24  38   +   1   12  
6   8   21  22  43   +   1   7   
5   10  12  37  46   +   7   10  
9   15  21  40  50   +   7   8   
3   8   13  28  37   +   5   7   
5   12  13  41  43   +   2   7   
5   17  22  24  44   +   9   10  
12  16  29  32  41   +   1   12  
9   11  14  20  38   +   7   12  
8   14  18  23  34   +   5   6   
13  20  24  32  36   +   4   5   
6   18  32  40  50   +   4   12  
2   5   17  37  49   +   6   7   
2   5   9   18  25   +   4   8   
14  18  36  49  50   +   5   10  
9   19  27  28  49   +   3   9   
8   19  28  35  46   +   2   12  
11  22  30  31  45   +   3   11  
26  32  33  37  48   +   2   7   
10  32  33  36  49   +   3   6   
7   13  38  41  44   +   7   11  
3   14  18  19  41   +   8   11  
11  16  21  28  36   +   9   11  
8   10  22  34  49   +   1   6   
29  32  34  46  49   +   5   8   
1   12  17  19  22   +   3   5   
4   23  24  25  48   +   4   8   
5   10  23  35  39   +   1   5   
17  27  29  40  43   +   3   7   
3   10  31  39  43   +   3   12  
1   18  23  24  32   +   7   11  
31  39  42  47  48   +   2   3   
14  19  20  23  50   +   6   8   
16  28  40  44  47   +   4   6   
2   5   16  17  18   +   1   5   
17  18  19  39  48   +   4   8   
5   23  34  39  48   +   4   11  
20  21  35  36  42   +   3   10  
10  11  12  32  38   +   1   11  
10  19  31  40  49   +   8   12  
11  13  20  31  34   +   1   2   
1   6   16  31  44   +   1   5   
7   11  24  27  38   +   3   9   
3   21  23  39  47   +   4   6   
12  14  18  19  37   +   5   7   
9   12  17  30  36   +   2   5   
18  22  34  38  50   +   5   7   
1   3   9   17  29   +   3   6   
4   18  19  24  31   +   6   7   
8   19  23  31  32   +   1   10  
2   21  23  42  48   +   3   4   
2   8   10  16  43   +   3   9   
1   9   20  21  37   +   2   3   
2   4   14  24  37   +   3   11  
10  18  29  39  48   +   2   10  
2   8   13  33  40   +   7   11  
1   33  38  44  49   +   6   8   
9   24  39  44  45   +   4   12  
2   3   35  37  46   +   4   10  
3   6   20  29  32   +   4   5   
9   10  17  24  26   +   1   3   
10  36  43  46  48   +   9   12  
23  28  31  34  43   +   4   11  
16  31  33  39  42   +   5   11  
13  29  31  33  42   +   3   12  
6   36  37  41  46   +   4   5   
6   18  29  31  49   +   4   10  
12  21  31  36  42   +   6   8   
3   13  20  37  38   +   3   12  
12  15  22  30  42   +   9   10  
2   12  18  20  28   +   5   9   
20  21  30  33  36   +   2   10  
2   4   15  34  43   +   2   12  
13  16  20  33  50   +   1   5   
1   19  24  37  42   +   5   11  
9   14  26  35  36   +   2   3   
6   27  39  40  50   +   8   11  
11  21  30  38  49   +   5   12  
10  11  17  35  50   +   2   6   
3   5   17  28  47   +   1   10  
12  21  24  27  28   +   2   5   
2   9   12  27  46   +   1   12  
2   10  15  28  45   +   4   12  
7   18  21  47  48   +   2   9   
5   11  22  24  49   +   6   10  
2   14  24  25  41   +   7   9   
18  30  38  45  50   +   2   4   
2   10  17  45  48   +   1   12  
10  11  21  24  40   +   6   9   
12  15  16  40  45   +   2   9   
3   11  18  33  34   +   7   12  
5   10  11  13  33   +   3   7   
9   22  36  41  48   +   7   10  
4   9   21  26  32   +   1   6   
3   4   13  45  46   +   7   9   
4   7   22  24  50   +   5   8   
1   9   21  33  36   +   8   10  
3   5   12  18  29   +   1   6   
16  42  44  46  50   +   6   11  
25  32  43  44  47   +   2   5   
2   7   12  35  40   +   4   7   
5   10  12  25  45   +   2   9   
1   5   13  35  50   +   2   12  
11  24  27  35  44   +   9   12  
4   18  29  31  34   +   10  11  
5   24  41  43  50   +   3   8   
1   13  29  31  40   +   3   12  
2   7   15  19  22   +   7   12  
14  16  29  32  44   +   5   11  
22  24  25  47  48   +   6   7   
9   14  17  23  47   +   3   8   
10  18  20  34  36   +   5   11  
4   25  28  33  49   +   2   7   
3   8   27  31  43   +   4   6   
10  11  16  30  33   +   5   6   
4   7   10  13  49   +   5   11  
34  39  44  45  48   +   5   9   
1   2   24  38  49   +   3   9   
5   29  36  40  43   +   1   3   
5   6   7   10  28   +   1   10  
6   29  42  43  45   +   3   4   
8   25  30  37  43   +   5   9   
18  26  37  40  43   +   9   12  
15  32  35  39  47   +   2   11  
11  17  24  35  48   +   2   5   
4   16  21  27  42   +   1   8   
21  23  36  40  45   +   2   4   
10  21  32  41  48   +   9   12  
19  21  28  39  50   +   1   10  
6   12  15  30  46   +   2   12  
19  30  32  46  49   +   3   10  
14  17  34  38  42   +   2   5   
17  23  27  46  47   +   5   8   
6   12  31  39  49   +   3   11  
6   7   19  43  44   +   5   6   
6   17  19  24  29   +   8   10  
12  13  20  24  30   +   2   10  
23  25  38  44  46   +   10  11  
2   15  19  41  48   +   2   7   
11  25  26  49  50   +   1   3   
2   5   17  20  50   +   2   4   
9   25  29  41  45   +   4   6   
2   5   19  27  39   +   6   9   
6   26  31  37  43   +   8   9   
28  29  31  33  43   +   1   2   
16  23  30  31  48   +   1   5   
2   30  31  35  45   +   3   10  
6   9   17  30  34   +   3   8   
7   21  27  36  44   +   6   9   
1   3   25  29  38   +   1   3   
4   7   9   10  26   +   8   12  
5   19  23  25  31   +   1   2   
3   4   18  26  30   +   2   3   
1   35  40  41  46   +   10  12  
27  29  32  38  48   +   8   12  
8   11  20  24  42   +   4   8   
1   20  23  32  39   +   5   10  
8   13  16  36  46   +   2   8   
5   9   10  13  35   +   4   9   
5   20  30  36  39   +   4   9   
16  17  26  34  37   +   4   10  
6   25  28  46  48   +   4   12  
26  27  30  36  48   +   11  12  
2   22  26  39  46   +   10  11  
19  45  47  48  49   +   1   4   
25  29  34  38  39   +   6   12  
6   18  25  35  37   +   1   3   
3   15  22  24  39   +   2   8   
6   42  43  46  50   +   1   2   
10  38  39  49  50   +   4   8   
7   16  24  39  40   +   3   4   
3   21  22  27  28   +   1   5   
2   3   5   11  41   +   3   12  
21  22  31  46  47   +   2   4   
4   15  29  44  49   +   4   10  
14  29  30  35  40   +   2   12  
4   9   21  25  34   +   2   12  
23  28  33  46  47   +   5   9   
26  28  32  34  49   +   7   12  
17  25  30  42  47   +   9   12  
14  21  25  33  35   +   8   12  
9   21  28  39  49   +   3   12  
3   20  21  27  43   +   2   10  
9   12  18  29  48   +   5   11  
10  12  13  32  41   +   6   10  
15  20  21  36  37   +   3   4   
17  25  31  32  34   +   4   11  
24  27  28  44  46   +   7   11  
1   21  24  25  45   +   1   3   
17  27  31  41  46   +   5   11  
5   9   19  24  48   +   4   11  
4   6   25  29  33   +   8   10  
3   19  22  27  49   +   6   9   
1   6   10  14  28   +   3   5   
3   7   17  20  21   +   1   5   
11  25  35  36  37   +   1   9   
2   3   24  46  49   +   4   10  
6   19  30  39  50   +   8   9   
12  17  20  38  50   +   4   7   
4   13  19  22  24   +   10  12  
5   33  37  40  44   +   4   10  
1   2   15  22  30   +   6   11  
5   20  31  38  50   +   4   5   
16  19  37  41  49   +   1   12  
7   14  23  34  44   +   9   10  
15  17  25  39  45   +   5   11  
1   16  39  41  49   +   5   11  
26  32  38  41  46   +   8   12  
6   15  23  45  48   +   2   3   
1   7   22  39  46   +   9   10  
2   6   10  21  37   +   6   11  
5   10  13  35  39   +   3   4   
6   7   17  20  24   +   5   6   
13  17  24  45  46   +   5   11  
25  28  45  47  48   +   1   11  
5   37  44  47  49   +   5   7   
1   14  19  22  35   +   3   5   
21  23  27  35  50   +   4   8   
3   5   24  41  45   +   10  11  
4   9   21  31  34   +   4   6   
6   9   25  29  46   +   6   12  
8   22  28  29  44   +   3   7   
7   9   14  23  38   +   3   4   
16  17  18  43  46   +   6   12  
6   12  13  25  36   +   4   11  
5   7   10  22  29   +   6   12  
10  17  23  24  29   +   2   10  
9   10  15  17  20   +   2   4   
2   8   17  23  31   +   2   5   
2   10  32  34  49   +   3   12  
3   5   8   16  21   +   4   12  
8   19  32  36  44   +   2   4   
1   4   16  34  44   +   1   3   
10  12  19  29  35   +   5   10  
6   17  26  29  50   +   3   8   
10  17  23  27  39   +   2   7   
5   8   13  25  47   +   4   11  
2   15  41  47  49   +   2   4   
9   11  14  21  34   +   4   10  
17  29  40  47  50   +   6   10  
14  29  35  36  41   +   2   3   
9   17  18  36  48   +   3   6   
2   19  22  28  36   +   2   10  
12  26  35  47  49   +   4   11  
7   16  36  47  49   +   4   10  
4   7   19  37  48   +   1   12  
4   6   7   15  22   +   2   6   
9   14  27  30  36   +   5   12  
11  13  19  29  36   +   2   9   
2   6   24  42  44   +   1   2   
14  25  26  43  46   +   6   9   
10  11  18  36  47   +   8   9   
6   14  23  30  48   +   1   12  
11  16  21  38  44   +   4   9   
3   18  31  41  46   +   1   7   
3   6   27  28  46   +   10  11  
1   7   14  17  48   +   10  11  
2   7   11  20  47   +   4   8   
7   12  16  23  29   +   8   10  
5   26  29  32  49   +   2   3   
19  25  28  43  49   +   10  11  
3   4   15  30  36   +   3   12  
5   10  19  41  46   +   5   12  
8   33  43  44  45   +   1   6   
1   7   12  18  30   +   1   12  
16  17  28  36  44   +   9   10  
8   13  15  30  37   +   4   12  
11  29  37  42  47   +   4   5   
7   17  25  26  32   +   1   6   
9   15  28  29  45   +   5   11  
11  30  34  37  38   +   6   9   
6   18  24  32  40   +   7   10  
8   13  19  22  44   +   7   12  
6   7   18  26  44   +   1   12  
15  16  41  44  48   +   6   9   
22  40  42  48  50   +   3   10  
29  37  43  46  48   +   5   11  
1   16  20  34  38   +   5   12  
11  12  13  19  49   +   8   10  
7   9   15  19  37   +   4   7   
1   15  16  37  48   +   6   9   
15  23  35  36  49   +   3   9   
27  30  38  41  48   +   3   4   
8   26  34  44  46   +   2   5   
12  34  35  40  45   +   2   9   
19  26  27  33  43   +   9   12  
4   25  31  38  40   +   7   10  
3   14  19  34  35   +   5   7   
13  22  28  32  39   +   3   4   
2   19  28  33  43   +   3   7   
3   5   22  42  50   +   3   8   
6   11  21  28  33   +   6   9   
17  41  45  46  50   +   3   6   
3   4   7   16  37   +   2   7   
4   23  38  43  49   +   2   8   
21  24  34  45  49   +   4   11  
12  20  42  45  47   +   7   11  
3   6   10  30  43   +   7   12  
5   8   19  28  42   +   3   12  
5   27  32  44  50   +   2   9   
18  22  27  32  43   +   3   4   
3   24  33  35  50   +   1   4   
2   3   4   21  26   +   2   3   
8   32  37  38  49   +   5   12  
6   21  23  35  37   +   3   10  
20  21  26  30  38   +   1   9   
8   9   28  35  50   +   2   6   
3   4   11  31  46   +   4   6   
4   5   8   21  25   +   4   6   
5   6   23  25  37   +   1   8   
7   17  27  29  35   +   2   4   
13  14  23  26  39   +   1   12  
5   13  29  34  42   +   2   10  
7   8   19  48  50   +   2   4   
5   21  26  27  32   +   7   10  
20  38  40  42  50   +   10  11  
7   25  32  40  50   +   6   9   
19  36  38  47  50   +   4   12  
20  23  27  47  50   +   5   6   
11  29  33  34  35   +   8   11  
29  40  47  48  50   +   7   8   
14  31  37  45  47   +   10  11  
11  12  21  28  32   +   3   10  
5   7   28  31  45   +   2   7   
2   19  33  43  45   +   3   5   
11  14  23  36  45   +   3   6   
2   31  32  36  45   +   3   8   
10  15  36  40  44   +   9   11  
5   14  17  31  42   +   6   11  
19  25  29  30  47   +   4   8   
10  21  28  34  36   +   4   6   
6   11  15  24  49   +   1   4   
15  31  35  39  50   +   6   12  
3   18  26  34  39   +   4   7   
6   28  29  32  35   +   4   11  
1   13  23  31  35   +   5   12  
7   29  42  47  48   +   1   5   
8   22  24  29  42   +   5   7   
15  30  35  39  41   +   10  11  
15  30  31  36  47   +   2   8   
24  32  35  39  42   +   2   10  
7   12  23  27  28   +   4   8   
8   9   18  19  33   +   6   9   
10  11  19  31  33   +   4   6   
13  17  34  35  40   +   3   4   
7   18  26  34  43   +   2   8   
5   11  36  37  46   +   5   9   
5   27  31  36  48   +   7   8   
12  15  22  27  40   +   9   11  
10  32  41  43  46   +   4   6   
28  34  38  42  47   +   9   11  
15  16  26  30  42   +   5   7   
14  19  26  28  33   +   7   11  
3   22  23  34  40   +   1   6   
1   4   22  41  46   +   8   10  
24  30  38  46  47   +   8   9   
12  13  30  40  47   +   1   9   
13  24  27  32  41   +   2   4   
13  22  23  28  38   +   4   7   
14  24  33  47  48   +   5   11  
11  20  34  42  47   +   3   6   
8   23  24  29  43   +   2   11  
6   21  24  29  42   +   6   12  
3   16  18  22  32   +   2   7   
14  25  28  29  48   +   2   8   
8   12  16  21  50   +   2   8   
10  12  29  41  44   +   4   11  
2   9   10  33  50   +   2   8   
14  24  25  30  38   +   4   10  
5   12  31  41  42   +   8   12  
9   12  28  47  49   +   5   12  
1   20  22  29  37   +   5   12  
7   20  43  46  48   +   6   11  
4   17  23  31  39   +   4   12  
7   31  44  45  48   +   6   8   
6   13  29  30  36   +   4   10  
2   8   33  42  46   +   2   10  
12  14  26  33  36   +   5   7   
15  23  31  37  42   +   8   9   
4   15  24  30  31   +   4   8   
2   16  29  41  42   +   6   11  
2   15  16  30  47   +   10  12  
3   5   12  26  46   +   4   11  
1   15  22  33  39   +   6   12  
8   14  29  36  44   +   10  11  
4   9   22  33  50   +   5   8   
9   20  31  40  43   +   3   10  
11  26  32  33  44   +   3   12  
16  24  27  42  49   +   2   11  
10  15  23  36  48   +   2   10  
25  26  29  38  41   +   2   3   
7   17  40  45  46   +   2   4   
10  33  40  45  49   +   2   4   
6   11  18  21  25   +   2   6   
4   28  43  48  49   +   6   8   
11  24  26  40  47   +   4   5   
11  15  22  34  50   +   6   8   
2   7   21  24  25   +   4   11  
21  24  37  47  49   +   8   9   
13  22  33  46  50   +   5   11  
4   5   28  32  42   +   2   4   
1   2   10  26  44   +   8   12  
4   14  39  46  50   +   4   12  
9   36  37  39  41   +   4   10  
3   7   14  28  36   +   5   11  
6   13  23  32  45   +   1   3   
6   7   20  35  40   +   4   12  
7   11  18  36  45   +   5   12  
28  30  34  36  43   +   6   12  
8   22  24  25  40   +   6   11  
1   2   24  35  41   +   6   12  
4   11  12  17  45   +   4   8   
2   4   20  32  43   +   5   9   
5   6   29  33  40   +   3   7   
13  14  17  29  43   +   6   7   
17  22  27  36  37   +   2   8   
12  30  39  42  43   +   2   7   
2   4   13  45  50   +   5   8   
6   26  29  41  45   +   4   7   
13  15  25  33  39   +   1   10  
21  22  29  35  37   +   5   8   
8   13  29  35  47   +   3   12  
9   13  20  29  34   +   6   12  
1   19  25  32  48   +   1   8   
3   7   24  44  46   +   7   9   
5   19  24  31  37   +   3   6   
19  29  31  42  45   +   10  11  
1   9   35  42  47   +   2   8   
11  19  35  37  40   +   9   10  
13  18  19  28  41   +   4   10  
1   2   23  26  50   +   10  11  
8   9   13  20  42   +   6   7   
13  28  31  32  48   +   2   7   
5   10  20  27  29   +   2   8   
11  22  26  33  41   +   4   12  
11  23  25  34  46   +   2   8   
13  30  42  44  45   +   4   11  
4   12  26  32  47   +   3   8   
25  28  37  38  49   +   9   10  
9   15  33  44  46   +   10  12  
1   18  29  35  40   +   9   10  
8   11  15  22  40   +   6   9   
21  27  30  33  47   +   7   12  
8   18  39  44  45   +   2   12  
2   4   33  42  47   +   3   7   
16  30  34  49  50   +   6   10  
8   16  32  40  47   +   8   11  
6   16  25  38  49   +   1   11  
7   33  43  46  47   +   3   8   
3   26  27  37  38   +   1   7   
6   7   14  44  49   +   4   12  
21  25  27  30  35   +   2   5   
7   8   25  34  36   +   7   8   
4   12  17  33  46   +   5   12  
3   26  28  32  50   +   5   9   
9   11  15  28  30   +   6   12  
9   19  30  35  38   +   1   7   
2   3   10  12  33   +   8   12  
12  13  16  27  48   +   4   8   
16  17  19  21  35   +   3   9   
1   19  20  31  32   +   2   8   
8   31  32  36  41   +   5   9   
4   26  43  47  49   +   6   10  
2   16  17  19  28   +   4   9   
2   13  16  17  24   +   6   9   
7   10  21  22  23   +   8   10  
6   23  26  40  48   +   4   7   
2   6   15  36  42   +   6   8   
8   31  34  43  44   +   1   9   
6   27  43  46  48   +   9   11  
1   30  31  43  44   +   6   8   
2   27  29  44  48   +   3   12  
1   36  38  39  50   +   5   7   
1   19  33  46  48   +   3   6   
8   17  38  47  48   +   2   9   
1   6   23  27  33   +   2   7   
1   24  30  36  48   +   4   7   
2   7   15  35  47   +   1   12  
15  31  36  39  42   +   1   5   
14  24  31  42  48   +   3   8   
8   15  21  27  46   +   1   12  
1   20  21  23  27   +   2   11  
6   26  29  33  37   +   1   6   
2   5   11  16  23   +   8   9   
5   12  15  25  42   +   7   12  
2   4   6   19  20   +   4   8   
2   9   11  19  31   +   7   10  
1   13  15  37  48   +   3   5   
2   6   32  34  37   +   10  12  
9   20  31  42  45   +   3   5   
15  26  27  33  49   +   9   11  
20  21  29  38  41   +   2   4   
1   8   28  39  45   +   5   11  
