6 11 20 37 46 6 11
6 13 29 43 50 1 3
10 13 29 41 49 8 11
7 8 28 40 45 2 4
6 9 19 30 34 8 10
2 21 44 46 49 8 10
23 28 30 33 47 1 11
16 20 42 44 48 1 11
3 17 23 32 50 7 12
19 26 43 44 47 3 4
2 11 20 22 35 8 9
14 19 31 47 50 2 5
4 9 15 17 36 10 12
11 12 16 35 47 6 12
4 24 27 30 34 1 10
9 12 25 31 44 3 9
15 17 34 41 44 6 10
9 21 31 32 40 4 10
1 20 24 27 29 4 11
19 20 21 35 48 6 9
5 6 25 28 46 7 8
7 8 21 25 37 4 5
19 26 28 48 50 4 5
27 29 40 44 45 1 5
7 14 25 29 38 2 11
18 21 27 33 50 2 12
11 18 20 36 37 4 6
16 19 37 39 48 8 12
20 25 26 28 50 7 8
8 11 14 29 43 4 6
1 13 21 29 48 1 12
26 30 31 44 45 3 10
8 19 22 34 50 3 7
18 22 29 31 32 6 7
14 20 34 39 47 3 6
4 6 9 42 50 10 12
8 20 26 45 50 1 2
26 33 35 38 43 5 7
1 4 16 17 19 4 10
15 20 29 39 46 4 10
10 22 23 24 26 2 8
1 23 36 47 48 8 11
5 10 12 29 40 9 11
14 17 24 41 45 8 11
8 13 21 31 35 1 2
6 12 23 24 37 2 6
8 21 28 44 46 2 11
21 27 30 31 41 2 4
3 4 8 42 47 5 11
5 15 20 25 40 2 7
18 21 25 27 31 8 10
4 10 21 38 45 1 6
16 20 22 36 40 2 11
14 27 30 35 36 4 8
2 18 22 27 38 2 5
6 9 24 28 43 8 12
2 5 7 14 17 7 11
6 9 23 26 46 5 12
15 24 34 43 49 5 8
1 9 11 47 49 4 6
7 15 22 27 37 1 4
3 6 11 36 40 4 8
5 7 9 49 50 2 8
6 32 36 42 48 2 4
3 14 24 41 43 6 12
9 21 27 31 36 3 4
1 9 13 23 36 8 10
16 34 35 41 46 8 10
3 7 27 31 37 2 11
3 8 26 27 38 4 11
5 7 17 32 43 6 11
9 16 17 35 37 2 7
6 26 27 35 45 6 12
12 17 19 42 44 1 9
2 5 31 44 47 1 7
10 17 18 27 46 1 4
5 15 16 31 34 5 6
5 9 10 16 19 2 8
3 29 40 41 47 1 11
5 14 22 28 48 10 12
3 8 11 13 42 5 9
7 11 21 31 47 5 8
4 15 24 35 44 11 12
12 37 39 40 47 4 10
4 11 14 23 29 3 4
3 5 10 34 43 2 4
3 30 37 47 50 3 12
2 25 27 33 46 2 7
6 18 21 28 31 7 10
11 19 28 31 33 1 12
11 12 17 42 48 1 9
2 3 15 37 45 2 12
12 23 26 46 49 4 9
4 5 12 15 44 8 11
14 15 18 29 39 6 7
9 17 21 23 31 3 8
2 17 23 24 26 2 12
4 21 22 25 47 1 5
13 23 33 40 49 6 11
23 42 45 46 49 1 8
10 12 22 33 40 3 12
14 27 39 47 48 1 6
1 28 30 42 46 8 12
26 29 33 45 48 3 5
2 5 23 30 49 1 2
7 23 24 39 43 1 11
2 4 10 12 25 4 5
13 27 29 36 45 8 9
1 3 13 30 45 7 8
8 14 32 35 49 3 12
10 11 25 27 50 3 5
1 2 7 13 43 7 12
16 21 24 32 41 3 6
12 14 29 30 42 6 8
19 32 38 41 48 8 10
7 14 15 33 49 7 12
10 12 16 41 49 8 11
23 28 33 38 47 3 5
5 16 19 24 29 2 9
2 6 8 26 47 3 5
7 17 19 23 39 5 11
2 7 10 17 40 5 12
4 9 14 27 40 4 7
15 18 19 32 46 5 6
7 13 16 31 36 2 4
12 42 43 45 50 3 9
6 7 29 43 50 3 9
2 4 17 21 46 4 8
6 38 39 48 50 7 11
11 12 21 27 29 2 5
7 10 40 46 47 5 12
22 36 37 43 50 1 6
2 8 15 26 49 8 9
18 19 21 43 48 5 11
4 16 32 36 37 1 7
2 12 20 24 25 4 8
2 13 21 43 48 7 11
7 13 16 22 23 7 8
7 29 31 34 45 3 9
2 8 13 23 27 6 10
11 26 30 41 50 7 11
9 28 31 37 41 2 7
4 12 15 27 36 2 4
13 21 37 40 45 6 10
8 31 36 37 41 2 5
2 11 35 38 45 7 11
14 21 22 40 49 1 11
7 11 14 15 19 2 6
8 9 25 33 41 7 8
18 25 40 41 44 6 10
14 22 26 27 36 1 10
4 10 16 20 47 1 5
1 2 7 14 40 8 10
4 6 18 40 49 3 4
9 15 26 37 45 3 4
14 17 26 33 34 4 6
3 7 10 33 44 4 6
22 39 41 47 48 5 7
10 13 43 44 49 3 12
4 11 20 44 48 5 10
4 21 24 43 45 5 7
3 4 7 40 49 6 7
1 16 19 34 46 4 6
2 9 15 16 44 3 10
15 33 47 48 50 5 12
5 26 30 32 48 5 9
5 7 11 34 47 1 10
6 15 18 28 39 8 12
8 16 28 41 47 4 12
12 16 22 25 26 3 8
3 37 39 43 44 6 8
11 23 39 47 50 4 6
6 16 21 34 40 6 7
7 9 15 32 39 4 11
13 16 33 36 49 7 9
2 4 11 24 32 4 11
15 21 35 45 47 5 10
7 10 17 28 31 3 8
6 10 13 25 38 1 4
3 27 35 45 47 9 10
1 10 36 37 40 1 11
8 16 27 43 46 1 5
9 24 41 45 46 2 6
3 4 40 43 44 3 9
4 7 33 34 43 1 6
11 23 33 49 50 1 4
7 10 33 43 45 6 8
6 7 15 21 28 3 10
5 10 13 14 43 3 11
17 19 35 36 45 3 10
8 13 20 28 42 6 8
3 9 13 15 42 4 5
12 22 23 43 50 1 5
10 18 23 43 49 6 12
4 24 29 35 41 5 9
1 2 6 7 10 4 6
20 26 34 45 50 2 11
5 19 27 43 45 1 6
10 12 27 32 39 11 12
14 18 33 43 48 5 12
1 4 24 43 46 3 5
13 16 22 33 41 8 12
28 30 38 45 48 3 6
7 11 17 19 48 2 8
3 15 17 30 43 7 8
26 32 37 38 50 2 10
4 20 33 35 38 7 10
19 27 30 39 46 5 10
2 3 10 11 23 9 10
7 10 23 30 38 2 6
12 17 33 37 45 1 10
2 15 16 45 47 2 11
9 14 20 26 30 1 11
8 11 37 48 50 1 9
16 21 35 38 43 5 12
1 3 16 30 36 3 11
11 22 28 30 43 1 9
3 5 41 48 49 1 12
1 22 35 39 44 6 7
23 35 39 42 48 5 12
1 11 18 21 41 2 12
1 8 13 17 29 3 8
2 8 16 41 42 1 5
13 14 22 28 46 3 11
11 15 29 33 46 6 12
9 25 27 38 46 1 2
2 19 21 32 48 2 12
12 19 25 32 45 3 6
2 17 30 40 44 6 9
4 7 10 17 34 4 8
23 27 33 45 46 6 8
3 24 25 34 47 4 7
4 15 20 37 50 4 7
21 31 42 43 47 5 10
1 4 10 23 31 7 11
4 13 14 22 40 3 5
11 24 30 38 48 6 8
7 15 19 33 47 5 9
6 9 13 32 41 6 12
12 21 23 29 34 3 7
8 11 15 17 49 7 10
10 13 21 33 49 2 7
8 23 26 34 48 7 11
7 13 26 37 39 7 8
7 8 20 43 50 6 10
1 11 18 40 44 6 11
11 19 26 36 42 4 5
5 10 21 31 33 3 6
12 22 37 39 44 3 12
13 21 40 45 50 1 3
18 20 28 29 32 1 2
3 4 22 36 48 3 9
6 10 13 22 30 9 11
17 23 25 39 40 2 7
3 24 27 31 39 7 9
12 32 36 40 41 3 5
23 30 41 44 50 2 5
3 4 13 32 47 1 10
9 11 17 28 41 7 11
1 3 11 15 19 5 11
2 6 29 31 33 8 11
5 6 22 32 37 8 10
1 7 24 41 43 6 8
11 15 35 45 48 2 7
5 11 24 44 50 11 12
3 5 7 23 47 3 8
2 20 41 42 49 9 11
1 31 37 41 42 7 11
1 19 36 42 46 5 8
2 18 23 35 38 8 11
3 14 16 29 34 3 8
1 4 31 35 39 3 7
10 15 17 31 32 4 11
8 12 25 31 33 1 7
9 19 30 44 50 8 12
5 14 20 24 45 6 9
5 20 25 34 42 9 12
6 9 35 37 45 1 7
13 20 21 37 38 7 8
2 22 41 46 48 4 11
1 3 4 17 46 4 5
9 13 22 39 41 2 6
8 18 31 35 39 1 11
10 11 19 27 29 1 5
5 9 25 28 41 5 7
7 8 22 26 45 2 11
5 15 39 48 50 8 12
8 10 14 23 34 3 7
8 23 27 34 43 1 6
25 30 31 37 49 1 3
12 18 21 31 44 6 11
1 20 38 41 47 8 11
11 33 34 40 49 4 11
7 21 41 43 44 3 9
11 24 26 45 46 3 5
6 12 16 34 50 2 3
5 9 13 21 33 1 5
20 24 30 40 50 7 11
8 22 28 39 50 6 7
7 18 25 34 43 7 12
6 9 11 14 50 1 6
1 2 15 43 50 1 10
1 3 8 25 30 8 11
5 28 33 40 46 8 9
23 27 37 38 40 2 7
2 7 27 37 41 2 10
23 30 34 40 45 2 10
2 12 26 28 48 8 11
12 17 22 45 50 1 6
19 35 38 39 42 4 11
12 18 19 31 34 3 9
32 33 42 44 49 2 8
20 23 40 41 47 10 12
4 25 27 32 33 1 10
21 24 25 48 49 2 12
11 26 36 39 50 4 10
2 7 43 44 46 1 3
3 14 16 25 29 3 10
5 18 28 33 40 2 6
11 19 23 24 27 8 10
31 41 43 46 48 4 12
3 17 25 29 37 5 7
16 18 20 22 24 5 10
1 23 31 38 48 1 8
4 19 29 35 37 5 7
16 18 24 31 42 8 9
9 19 25 34 47 2 8
2 42 44 46 47 3 12
1 4 15 47 49 8 11
5 27 36 44 46 8 12
1 6 29 30 35 3 11
29 32 37 41 43 2 4
4 11 14 41 42 7 8
6 7 10 29 38 3 8
3 20 21 24 42 1 7
1 13 24 27 40 7 10
2 4 24 33 42 3 6
12 17 18 40 45 1 7
5 16 21 30 31 3 5
21 25 35 42 47 1 2
21 28 29 34 49 1 5
9 29 30 41 44 1 8
24 26 29 33 45 1 4
12 15 24 49 50 4 7
9 22 28 36 42 5 11
13 19 39 40 41 2 10
22 35 42 43 45 8 12
28 31 38 43 44 8 9
13 16 25 29 33 2 5
5 22 23 33 42 5 12
9 18 24 46 49 3 12
8 14 30 46 49 1 5
2 23 35 36 40 1 4
12 24 28 42 48 9 11
8 20 21 31 34 3 12
7 13 22 36 43 9 10
21 28 33 34 50 1 6
2 10 15 21 26 2 5
18 23 28 44 46 3 8
2 9 18 28 49 4 6
21 22 34 44 48 8 11
9 16 18 19 44 1 4
2 3 9 30 39 7 11
3 7 25 36 45 10 12
5 7 13 17 40 4 10
11 15 22 27 42 9 10
4 19 20 24 44 6 9
8 22 29 37 42 3 7
3 10 16 27 38 2 10
20 25 39 44 45 3 9
11 20 25 41 42 1 3
3 5 17 27 49 6 12
10 31 32 37 46 3 6
16 27 33 39 45 9 11
8 21 26 32 49 3 7
11 19 20 22 46 3 7
3 6 27 35 49 6 9
4 9 20 37 41 9 10
3 16 21 26 33 4 7
20 22 31 39 47 2 3
2 19 22 37 38 9 12
7 12 38 41 43 10 11
1 3 12 22 46 3 5
6 13 16 44 49 5 9
10 39 45 47 49 5 11
4 17 21 39 45 2 6
3 10 15 30 36 5 11
5 9 29 42 48 10 12
3 9 14 25 49 3 7
2 30 32 44 45 1 12
13 18 19 36 49 2 8
6 10 24 26 35 7 10
2 12 19 20 40 4 6
4 11 15 47 50 5 10
7 9 24 36 42 2 6
4 6 40 48 49 2 3
2 16 31 34 35 4 6
2 7 15 27 45 4 11
5 21 23 27 30 9 11
13 33 41 42 50 1 4
6 12 28 38 39 2 12
2 4 12 20 36 5 7
2 8 17 30 35 8 12
10 11 25 40 42 5 11
1 14 22 42 43 11 12
12 17 31 39 46 6 7
13 33 34 35 48 8 11
1 8 17 29 33 4 12
3 6 10 22 23 8 9
10 17 18 30 42 7 8
10 21 34 42 43 2 11
7 18 41 49 50 1 2
1 27 38 41 44 2 10
5 35 41 42 49 1 2
11 23 26 32 38 7 12
1 2 19 39 42 4 9
3 16 18 24 33 2 3
3 13 30 41 44 8 10
19 33 41 48 50 8 12
8 26 31 42 50 9 10
4 8 30 31 50 6 9
11 34 40 43 45 3 11
3 20 25 32 37 1 3
2 14 29 33 40 3 4
1 12 21 22 35 8 11
11 15 22 42 44 4 11
33 36 40 42 44 7 8
9 11 16 38 48 9 12
2 7 23 44 50 6 7
5 19 26 31 50 1 7
2 20 21 30 45 5 10
18 22 25 41 44 8 10
8 10 13 22 29 1 8
3 13 28 32 41 3 8
9 11 16 28 43 7 11
2 15 23 38 44 2 10
4 10 18 32 43 8 9
11 24 32 42 49 1 2
4 10 11 14 32 11 12
5 24 28 41 50 4 7
3 11 15 19 39 3 11
16 26 29 44 47 4 6
11 29 34 40 42 6 9
7 27 31 37 38 9 12
5 18 19 31 39 6 10
7 10 34 42 48 3 9
8 13 14 44 50 4 7
3 4 10 38 48 4 8
15 22 35 39 42 6 10
24 35 40 43 47 1 8
10 20 25 26 28 1 5
14 16 20 42 49 3 11
11 23 34 38 46 1 4
2 8 21 29 39 4 6
5 12 22 37 40 1 2
2 3 11 23 25 6 12
9 18 23 29 50 4 12
5 22 27 31 33 2 3
4 8 26 44 45 4 6
9 12 22 34 37 8 12
17 22 24 42 49 4 6
3 4 8 20 40 6 7
8 9 12 29 30 10 11
12 19 29 34 44 4 6
6 10 19 33 34 4 6
1 4 13 33 48 3 6
3 28 35 36 38 1 12
6 15 32 33 34 3 10
4 5 11 23 47 4 12
11 32 36 37 46 5 11
9 22 25 36 40 4 9
3 4 31 32 39 3 9
1 2 3 45 46 6 9
3 22 34 43 44 2 4
2 4 22 34 36 1 4
16 23 25 26 39 2 12
6 28 31 32 46 1 3
15 19 37 39 48 8 12
2 7 11 15 31 2 5
8 34 40 41 44 7 8
6 11 12 23 49 1 2
8 20 26 36 40 1 4
11 19 30 41 48 10 11
12 26 31 42 50 2 11
4 13 22 31 32 1 8
9 13 15 35 43 2 12
6 8 21 37 40 2 3
9 16 22 47 50 4 11
17 19 25 35 46 6 12
3 15 18 44 49 6 12
7 8 27 34 38 2 3
6 9 22 24 40 10 11
13 23 25 30 36 7 9
7 11 24 30 37 4 7
15 18 30 42 44 2 7
9 10 16 28 48 2 5
6 9 20 27 35 8 11
19 24 35 37 39 1 6
2 5 19 30 47 2 8
2 22 34 46 47 2 8
22 25 29 38 49 6 11
18 19 21 23 32 9 12
6 14 30 42 49 4 7
13 16 29 37 38 7 10
3 5 13 33 46 10 11
4 21 34 46 48 6 9
7 9 11 27 41 6 7
1 5 26 28 30 1 8
2 21 32 39 45 1 3
2 7 15 29 32 4 11
4 16 20 26 28 6 12
2 8 9 23 28 7 12
5 6 20 39 48 4 6
2 25 32 39 42 5 11
2 3 14 30 35 1 9
10 15 34 40 50 3 9
9 28 39 42 47 3 7
1 23 28 36 40 2 7
1 10 28 43 49 7 8
1 7 16 18 25 1 10
1 14 30 35 44 2 10
3 16 20 34 43 7 8
1 11 14 20 39 8 11
6 13 14 20 25 4 12
15 36 44 45 50 6 8
20 29 35 36 44 1 3
14 38 45 49 50 7 11
2 14 19 25 45 1 12
3 31 39 41 42 7 12
8 13 38 42 49 1 7
30 37 44 45 49 5 10
4 30 34 38 48 2 12
18 29 44 45 50 3 7
14 27 36 44 49 5 7
17 20 32 35 43 4 6
9 12 22 27 37 9 10
7 20 24 39 43 7 10
4 9 21 30 48 2 10
3 9 25 33 50 3 12
16 22 35 48 49 2 12
6 16 23 37 38 1 12
4 7 22 36 47 8 11
5 24 31 43 50 1 10
3 12 28 37 44 3 5
3 8 13 21 41 2 9
9 21 29 40 48 10 11
18 21 23 24 50 1 2
3 10 12 20 39 3 9
3 23 24 49 50 4 8
10 24 40 43 45 1 11
2 3 10 23 46 4 8
2 12 20 25 46 3 6
8 20 27 39 43 6 9
2 14 18 19 22 6 11
1 5 16 19 28 3 11
2 8 14 18 19 4 6
6 8 17 25 39 6 7
19 25 40 44 50 9 11
11 24 28 35 47 2 7
5 21 38 43 45 2 11
3 4 6 14 39 2 4
4 14 21 36 45 4 9
5 8 13 25 26 1 9
12 22 25 37 46 6 8
4 24 35 38 46 1 4
2 5 25 31 49 5 6
5 7 43 45 46 2 6
4 15 25 34 35 1 12
25 26 27 39 45 4 12
17 23 26 31 34 11 12
17 26 34 42 50 4 9
2 28 42 48 49 3 10
1 8 11 33 36 10 12
1 19 27 32 45 2 11
13 16 17 37 39 2 8
10 11 29 30 44 2 11
7 12 32 44 47 1 6
8 17 20 32 48 10 12
1 11 13 43 46 7 11
15 22 26 47 49 6 9
4 13 28 34 41 9 10
8 10 26 36 41 4 6
22 27 30 36 45 2 8
10 15 19 43 48 1 7
1 20 26 40 42 9 11
1 4 5 6 46 1 12
1 28 33 41 45 4 6
12 15 37 39 46 7 10
4 10 27 30 38 3 5
7 39 41 47 49 7 8
4 8 21 25 41 6 8
13 17 34 36 47 1 11
17 18 34 37 41 2 5
9 33 36 39 48 2 3
8 10 18 26 40 1 11
4 13 20 32 37 2 11
5 14 33 39 44 6 8
6 10 12 14 21 1 9
16 25 26 33 49 4 9
4 5 22 31 49 7 11
12 19 23 37 44 1 8
17 24 29 31 44 6 9
8 15 24 25 35 4 5
4 9 20 21 22 9 11
10 12 17 29 48 3 4
3 17 23 31 42 8 12
8 17 19 46 48 6 7
9 20 25 27 50 2 7
8 16 36 49 50 3 4
17 22 33 38 41 3 12
3 29 31 36 39 1 12
18 25 45 47 50 8 9
5 23 28 38 41 7 10
3 19 34 36 47 5 8
10 11 40 47 48 2 7
19 21 25 35 36 2 11
10 11 20 28 48 5 12
2 13 19 30 45 5 8
17 19 35 41 45 3 10
5 30 41 43 48 3 8
34 40 44 46 49 2 10
5 8 13 31 33 3 6
9 15 23 26 38 1 6
18 26 36 42 48 3 7
14 20 24 40 48 4 7
8 26 31 40 41 2 10
8 13 21 27 49 3 4
12 17 23 29 33 2 11
5 12 13 16 49 8 9
15 32 35 42 45 9 10
7 9 32 34 43 4 6
13 27 31 37 43 2 3
3 30 35 47 48 2 7
20 21 29 31 32 8 9
1 6 7 42 50 10 11
9 11 20 44 48 4 5
10 26 34 38 40 2 3
11 26 29 40 41 3 11
14 15 19 27 40 2 7
11 19 25 27 41 1 5
5 16 24 35 39 1 9
9 10 19 31 44 1 3
10 32 37 41 44 7 9
3 7 21 25 32 4 10
11 40 42 43 46 3 4
5 12 39 45 46 5 7
31 32 33 36 47 4 10
11 14 22 24 43 2 9
11 14 20 41 42 1 3
18 28 30 40 47 4 5
3 7 23 32 46 4 6
1 3 14 17 19 1 10
1 5 6 9 12 5 9
5 8 28 37 39 5 10
9 28 29 35 48 2 9
8 19 41 44 50 4 6
6 12 13 37 40 4 8
6 23 33 40 49 4 6
15 22 33 34 41 2 4
28 31 34 36 44 2 5
3 6 7 46 49 1 12
3 4 11 41 48 4 11
4 34 38 47 48 6 12
12 15 17 23 28 2 12
9 21 26 32 41 4 7
10 19 36 39 43 3 10
4 10 19 22 36 8 10
2 6 20 27 33 3 8
1 17 25 37 48 5 11
7 14 17 41 44 7 9
17 23 26 32 34 4 9
21 34 37 38 43 8 9
17 42 44 48 49 8 11
9 27 29 32 40 4 7
13 16 34 35 42 4 7
3 12 21 38 48 7 8
2 3 9 27 43 2 7
2 3 10 18 47 8 9
8 11 16 45 50 5 10
4 13 14 34 49 4 10
1 19 22 30 39 4 12
12 18 27 37 40 5 11
14 21 28 35 49 9 10
5 15 19 21 35 11 12
21 28 36 37 45 9 11
7 9 15 33 42 5 11
7 17 24 30 41 1 5
9 14 33 36 46 5 12
7 8 32 35 45 5 7
11 24 26 32 45 1 12
5 14 18 29 45 3 8
7 15 22 26 38 6 9
12 22 23 30 43 9 10
11 22 24 27 29 6 11
11 14 31 37 38 4 8
3 5 7 25 42 2 5
5 8 9 14 20 4 9
31 36 38 45 50 10 11
23 25 34 37 40 2 10
5 28 33 40 49 3 10
17 18 20 33 40 10 11
3 19 39 40 43 2 5
15 21 27 42 47 1 4
1 26 31 33 36 4 12
2 3 21 27 29 1 4
1 6 13 19 33 2 10
20 28 30 34 40 3 11
2 14 17 20 44 4 7
9 11 14 19 35 6 8
14 18 39 49 50 6 10
4 36 38 41 45 2 3
4 27 31 47 48 3 12
5 13 19 24 38 6 7
1 25 26 36 50 1 8
13 16 21 30 49 10 12
8 14 30 33 34 2 12
3 13 17 18 21 1 3
24 26 30 41 48 3 9
1 23 32 43 48 1 3
16 20 23 36 50 5 8
19 21 24 27 34 1 8
23 29 33 40 48 5 6
2 21 30 40 47 7 12
9 15 28 30 31 6 7
6 16 17 48 49 2 10
8 13 20 28 44 4 5
6 30 34 37 42 8 9
8 30 34 38 40 1 10
33 39 41 47 48 4 12
7 12 17 46 48 7 9
5 9 17 40 44 5 8
3 6 8 39 40 8 12
1 14 20 24 28 4 6
3 12 31 32 50 3 5
2 5 33 34 36 6 9
10 12 24 25 26 4 8
2 5 16 28 36 5 9
14 15 21 23 47 5 6
6 23 31 37 38 11 12
3 4 16 31 41 3 8
2 4 10 15 29 6 10
12 13 31 41 49 2 11
7 8 10 13 37 9 10
2 4 45 49 50 1 3
14 16 21 41 46 4 6
13 22 29 38 43 8 11
3 9 29 36 42 7 9
4 24 32 35 45 6 9
1 8 16 17 30 3 5
3 17 25 38 47 5 11
17 24 29 35 49 5 8
2 25 27 28 38 9 10
10 24 27 38 41 1 2
6 8 29 35 44 9 11
7 13 21 39 50 2 4
8 29 36 45 47 7 12
4 6 18 24 47 3 8
15 22 25 27 28 6 8
8 21 28 36 41 5 12
10 13 15 38 45 4 12
12 20 31 37 48 1 10
13 21 24 25 42 6 10
4 5 13 19 39 3 10
5 8 9 22 39 5 7
15 22 34 37 41 6 7
13 21 23 25 45 6 7
4 5 13 20 44 1 11
2 4 34 37 39 1 12
5 22 33 38 46 1 2
6 11 14 15 41 10 11
18 20 34 37 39 1 5
7 8 9 25 45 1 2
14 18 26 41 42 5 8
8 14 15 28 35 4 10
16 34 37 48 50 7 11
2 12 15 21 32 4 8
14 17 22 27 47 3 5
14 15 21 33 39 8 11
11 13 16 25 50 4 10
1 19 29 35 38 4 8
1 2 12 28 49 7 9
5 30 33 35 41 9 12
1 2 39 42 50 2 6
1 5 12 18 19 5 8
9 24 35 36 38 1 2
4 15 22 41 45 3 11
4 11 27 29 49 4 11
19 22 32 38 42 7 8
3 24 33 40 45 3 5
8 18 29 37 38 5 12
2 29 35 46 47 9 12
9 17 20 48 49 1 9
8 12 23 25 27 5 6
19 26 27 42 50 3 9
2 5 6 26 37 4 10
23 31 42 47 50 1 8
4 6 31 34 49 6 11
10 21 22 28 47 8 11
13 22 26 35 42 6 9
2 4 20 47 49 2 10
15 19 22 37 47 1 8
1 3 38 39 40 2 12
12 25 36 46 49 8 12
6 10 11 21 34 6 9
5 30 40 44 45 4 8
5 11 16 42 44 8 12
10 21 33 35 48 6 7
13 15 19 30 31 1 11
4 23 35 43 48 6 9
7 8 10 29 45 1 12
10 13 21 22 29 4 7
21 23 29 36 42 7 8
2 8 10 15 25 4 10
2 4 33 41 50 11 12
12 22 25 43 49 9 12
9 14 28 29 41 7 8
8 12 34 37 44 1 10
19 25 31 47 48 2 5
24 29 32 33 46 4 8
19 21 28 29 50 2 7
6 7 10 33 50 4 9
8 16 32 41 47 2 9
16 23 30 38 44 5 6
7 8 24 27 35 2 4
5 6 13 15 28 9 10
4 14 23 37 43 6 8
11 16 20 23 50 3 12
5 26 39 43 45 3 11
9 20 23 29 44 1 9
12 15 16 42 50 5 9
4 14 19 26 35 2 9
3 15 40 42 43 1 10
13 16 29 47 48 11 12
4 12 24 26 34 9 11
5 16 26 37 38 5 10
12 18 35 39 48 5 12
13 27 37 38 45 7 12
12 15 19 20 47 7 10
6 15 21 38 39 4 9
11 23 34 40 47 2 5
2 5 10 20 39 10 12
1 9 35 45 49 11 12
6 7 17 45 50 2 7
26 27 35 36 41 3 8
6 23 25 29 49 8 9
9 10 22 36 48 3 7
7 23 30 39 44 3 8
15 29 32 35 50 6 9
4 26 43 44 50 5 11
2 3 22 27 45 1 11
2 3 34 47 50 1 8
23 24 33 36 47 3 11
1 3 9 23 42 4 8
2 18 37 42 46 5 9
1 18 27 38 40 2 3
3 8 17 18 19 1 10
16 18 38 44 46 5 12
14 20 31 48 49 8 9
17 22 37 42 43 1 4
8 11 23 27 44 3 9
15 19 31 41 43 8 9
1 16 18 21 44 8 11
2 13 24 26 30 4 12
25 33 35 46 48 9 12
8 13 39 40 45 6 9
7 29 37 44 46 11 12
17 28 38 40 41 5 8
1 9 25 41 46 1 8
6 9 14 41 44 8 9
1 4 19 26 44 8 11
10 21 27 40 41 4 7
16 26 29 38 50 2 5
8 12 16 21 31 3 9
12 15 35 37 41 9 11
15 26 30 40 49 9 10
25 31 39 40 48 2 11
14 16 22 26 34 7 11
11 19 20 32 34 1 8
1 6 9 31 49 2 7
16 18 28 30 33 4 10
5 31 40 49 50 4 7
4 5 21 30 33 4 6
7 13 15 36 46 5 11
5 21 25 27 43 10 11
4 19 21 35 43 7 8
5 34 38 40 47 1 3
4 6 11 23 32 4 10
6 16 23 24 46 9 11
2 4 32 40 43 1 5
1 6 19 27 43 5 7
9 10 16 41 43 7 9
28 29 41 45 50 1 12
4 20 25 37 38 1 6
10 13 19 40 41 2 6
14 29 33 38 46 1 11
8 22 29 42 47 6 7
9 27 36 40 49 3 4
5 6 14 21 44 1 12
11 24 27 35 41 4 10
7 10 16 18 21 1 12
4 7 16 47 50 2 9
2 3 22 28 50 5 6
29 34 35 40 45 7 10
1 6 30 41 49 5 11
8 13 15 35 45 10 12
25 29 34 40 46 3 7
2 5 6 13 42 8 10
7 12 13 39 44 10 11
13 17 39 43 48 4 11
1 5 9 14 47 1 9
1 13 36 40 42 7 11
6 9 12 14 24 4 6
8 16 19 31 46 3 7
15 18 19 25 45 3 5
7 12 20 22 43 8 12
17 21 24 31 35 1 6
12 13 33 35 49 10 12
3 11 17 19 33 9 10
20 24 33 35 48 2 7
11 16 24 32 42 7 10
14 17 19 28 43 6 9
3 5 10 40 42 1 8
11 37 39 41 47 7 10
7 10 22 29 34 2 10
11 19 20 36 42 1 7
14 20 38 42 44 9 11
5 7 12 21 40 4 7
14 19 24 38 41 1 11
10 19 20 25 41 8 11
2 17 18 27 40 1 9
5 6 24 40 49 7 9
4 7 8 38 43 8 10
8 13 18 36 48 3 7
6 23 27 36 38 10 11
2 19 20 26 42 2 9
2 32 33 43 45 8 11
4 9 16 25 29 2 3
3 29 34 39 49 4 10
4 14 23 33 39 6 8
9 18 21 27 31 1 7
2 4 13 16 40 1 11
23 37 39 47 48 5 12
2 3 10 12 29 8 10
19 20 37 45 48 4 11
1 9 19 20 44 8 9
9 10 21 31 41 4 9
5 9 24 26 38 6 9
6 9 15 39 45 1 11
1 13 24 42 45 1 8
16 19 28 46 48 5 11
2 6 32 38 43 5 6
11 35 40 41 43 3 5
1 13 21 22 32 1 11
1 16 34 38 48 4 10
4 18 25 35 39 2 9
13 23 36 46 47 2 3
4 17 21 38 49 2 7
6 14 29 49 50 5 8
4 7 14 29 35 5 8
3 13 17 20 29 9 11
8 15 22 26 41 2 6
16 19 21 31 35 9 12
8 22 34 39 43 7 8
4 6 18 25 45 6 9
3 7 9 17 46 7 10
1 19 23 31 42 7 11
6 19 24 38 46 8 12
6 17 20 36 46 1 3
1 2 17 25 44 2 4
3 4 14 24 29 3 7
6 16 21 36 47 6 10
6 17 21 30 48 7 10
11 16 25 29 49 7 10
11 26 32 39 46 2 3
2 8 15 41 50 11 12
19 33 35 46 47 10 12
14 17 31 36 43 3 7
16 18 19 31 36 2 6
25 40 45 47 48 4 11
1 15 41 45 50 10 11
17 29 32 43 45 5 6
2 5 18 37 45 4 9
6 7 21 41 45 9 11
26 43 44 48 50 5 12
14 16 27 28 43 4 5
2 6 19 24 29 9 12
5 6 34 40 42 9 10
26 29 34 39 45 9 11
4 6 25 32 44 3 12
19 26 38 41 44 1 7
5 13 37 42 48 3 11
4 15 16 37 49 6 10
18 21 28 33 37 6 11
10 20 25 31 42 2 4
16 32 36 42 46 3 8
10 21 28 34 39 3 5
2 20 37 39 44 7 10
2 14 29 33 45 1 7
23 31 32 34 50 5 6
4 18 22 27 30 1 12
19 27 32 36 43 10 12
1 4 8 12 49 9 11
11 14 36 37 38 4 5
11 34 36 38 46 3 12
3 7 19 21 49 8 9
8 17 23 39 47 3 5
23 24 34 37 46 2 4
3 18 21 35 43 5 12
13 18 34 37 50 3 9
17 19 26 46 50 9 10
5 7 12 28 35 2 10
13 16 39 43 49 6 12
12 27 30 35 38 2 12
8 13 22 28 48 1 5
1 5 28 32 40 2 12
11 12 22 32 38 1 5
